1 2 8140 8141 
1 4 8141 8139 8300 8306 
1 2 8141 8140 
1 3 8141 8135 8253 
1 2 8297 8821 
1 2 8297 8296 
1 2 8296 8297 
1 4 8296 8301 8160 8158 
1 4 8296 8298 8166 8288 
1 2 8306 8821 
1 4 8306 8300 8139 8141 
1 2 8379 8383 
1 4 8379 8383 8378 8157 
1 2 8383 8379 
1 5 8383 8381 8116 8114 8115 
1 2 8304 8814 
1 3 8302 8304 8814 
1 4 8302 8120 8114 8115 
1 2 8114 8814 
1 4 8115 8114 8120 8302 
1 5 8115 8114 8116 8381 8383 
1 3 8115 8118 8808 
1 6 8115 8119 8113 8268 8276 8150 
1 2 8814 8304 
1 2 8814 8114 
1 3 8814 8304 8302 
1 3 8808 8118 8115 
1 2 8808 8242 
1 2 8808 8235 
1 2 8826 8234 
1 2 8821 8306 
1 2 8821 8297 
1 2 8820 8252 
1 2 8817 8197 
1 2 8817 8197 
1 2 8811 8153 
1 2 8811 8153 
1 2 8816 8256 
1 2 8816 8256 
1 2 8786 8787 
1 2 8235 8808 
1 2 8234 8826 
1 5 8234 8236 8233 8244 8250 
1 2 8787 8786 
1 2 8242 8808 
1 5 8250 8244 8233 8236 8234 
1 5 8250 8246 8240 8375 8374 
1 6 8150 8276 8268 8113 8119 8115 
1 3 8150 8149 8148 
1 3 8148 8149 8150 
1 3 8148 8149 8267 
1 4 8267 8274 8163 8165 
1 3 8267 8149 8148 
1 4 8267 8274 8338 8339 
1 4 8165 8163 8274 8267 
1 4 8157 8378 8383 8379 
1 4 8158 8160 8301 8296 
1 4 8339 8338 8274 8267 
1 2 8339 8288 
1 2 8327 8191 
1 4 8328 8332 8255 8127 
1 5 8328 8332 8255 8254 8252 
1 3 8328 8331 8191 
1 4 8288 8166 8298 8296 
1 2 8288 8339 
1 5 8288 8286 8289 8124 8127 
1 5 8127 8124 8289 8286 8288 
1 4 8127 8255 8332 8328 
1 2 8109 8311 
1 2 8311 8109 
1 4 8311 8313 8307 8350 
1 2 8252 8820 
1 2 8252 8253 
1 5 8252 8254 8255 8332 8328 
1 3 8253 8135 8141 
1 2 8253 8252 
1 8 8197 8190 8198 8195 8199 8193 8347 8350 
1 3 8197 8202 8191 
1 2 8197 8817 
1 2 8197 8817 
1 6 8197 8190 8196 8219 8225 8168 
1 3 8191 8331 8328 
1 2 8191 8327 
1 3 8191 8202 8197 
1 4 8350 8307 8313 8311 
1 3 8350 8348 8359 
1 5 8350 8347 8180 8179 8178 
1 8 8350 8347 8193 8199 8195 8198 8190 8197 
1 6 8350 8349 8193 8223 8219 8212 
1 5 8374 8375 8240 8246 8250 
1 2 8374 8184 
1 2 8373 8334 
1 3 8359 8348 8350 
1 2 8334 8373 
1 2 8334 8353 
1 2 8336 8184 
1 2 8336 8362 
1 2 8184 8374 
1 2 8184 8336 
1 3 8185 8363 8361 
1 2 8362 8336 
1 2 8362 8122 
1 3 8361 8363 8185 
1 3 8361 8284 8281 
1 4 8323 8322 8325 8122 
1 2 8326 8122 
1 2 8326 8122 
1 3 8326 8321 8292 
1 3 8211 8205 8209 
1 3 8209 8205 8211 
1 3 8209 8204 8229 
1 4 8209 8229 8133 8358 
1 3 8131 8134 8238 
1 2 8131 8230 
1 4 8131 8134 8130 8129 
1 4 8129 8130 8134 8131 
1 2 8129 8358 
1 5 8129 8358 8176 8279 8175 
1 2 8122 8362 
1 2 8122 8326 
1 4 8122 8325 8322 8323 
1 2 8122 8326 
1 3 8238 8134 8131 
1 2 8230 8131 
1 3 8229 8204 8209 
1 4 8229 8231 8342 8346 
1 4 8388 8387 8386 8279 
1 4 8388 8387 8386 8279 
1 4 8279 8386 8387 8388 
1 4 8279 8386 8387 8388 
1 2 8279 8176 
1 5 8175 8279 8176 8358 8129 
1 2 8175 8176 
1 2 8176 8358 
1 2 8176 8279 
1 2 8176 8175 
1 2 8152 8153 
1 2 8153 8152 
1 2 8153 8811 
1 2 8153 8811 
1 4 8358 8133 8229 8209 
1 2 8358 8129 
1 2 8358 8176 
1 2 8343 8346 
1 4 8346 8342 8231 8229 
1 3 8346 8143 8291 
1 2 8346 8343 
1 2 8143 8291 
1 4 8143 8291 8319 8315 
1 6 8143 8291 8319 8314 8318 8368 
1 2 8144 8292 
1 3 8144 8146 8291 
1 3 8291 8146 8144 
1 3 8291 8143 8346 
1 2 8291 8143 
1 3 8292 8321 8326 
1 2 8292 8144 
1 4 8292 8293 8283 8315 
1 4 8315 8283 8293 8292 
1 3 8315 8283 8281 
1 4 8315 8319 8291 8143 
1 4 8315 8317 8370 8365 
1 6 8368 8318 8314 8319 8291 8143 
1 2 8368 8365 
1 4 8365 8370 8317 8315 
1 4 8365 8367 8260 8256 
1 2 8365 8368 
1 2 8256 8263 
1 4 8256 8260 8367 8365 
1 2 8256 8816 
1 2 8256 8816 
1 3 8263 8169 8171 
1 2 8263 8256 
1 6 8168 8220 8219 8196 8190 8197 
1 4 8171 8224 8216 8226 
1 3 8171 8169 8263 
1 6 8212 8219 8223 8193 8349 8350 
1 5 8226 8214 8354 8177 8178 
1 4 8226 8216 8224 8171 
1 2 8353 8334 
1 3 8353 8181 8178 
1 3 8281 8284 8361 
1 3 8281 8283 8315 
1 5 8178 8179 8180 8347 8350 
1 3 8178 8181 8353 
1 5 8178 8177 8354 8214 8226 
1 2 7997 7999 
1 2 7999 7997 
1 3 7999 8000 5140 
1 3 6449 6160 6163 
1 4 6448 6158 6161 6159 
1 3 6448 6071 6072 
1 4 5139 5138 5141 6913 
1 3 5140 8000 7999 
1 2 5140 5938 
1 8 5140 5938 5939 6070 5339 5952 6908 6907 
1 3 5900 5132 6675 
1 9 5900 5899 6674 6243 6242 6949 7246 7244 7243 
1 3 5900 5132 5135 
1 3 5900 5132 6675 
1 3 6675 5132 5900 
1 3 6675 5132 5900 
1 4 6675 6676 6986 6988 
1 4 6675 6676 7662 7661 
1 2 8748 8751 
1 2 8751 8748 
1 5 6839 6841 7779 7776 7204 
1 3 6839 6843 7661 
1 4 6988 6986 6676 6675 
1 4 7777 5352 5351 7533 
1 3 7777 7780 7744 
1 3 7744 6418 7551 
1 4 7744 6418 7744 6418 
1 3 7744 7780 7777 
1 3 7744 7743 7204 
1 3 5467 7571 7574 
1 4 5467 5466 5469 6663 
1 5 5467 7746 7744 7743 7204 
1 4 7404 7410 7408 7790 
1 3 5907 5908 7839 
1 3 5907 5909 7039 
1 3 7839 7434 7439 
1 3 7839 5908 5907 
1 3 7439 7434 7839 
1 6 7130 7133 7526 7525 7527 7525 
1 6 7130 7131 7203 6207 6206 6209 
1 6 6209 6206 6207 7203 7131 7130 
1 4 6209 6205 6481 7048 
1 3 7204 7743 7744 
1 5 7204 7743 7744 7746 5467 
1 5 7204 7776 7779 6841 6839 
1 5 7048 7050 6838 7660 7661 
1 4 7048 6481 6205 6209 
1 3 7048 6481 6482 
1 3 6482 6481 7048 
1 5 6482 6483 7047 7049 6303 
1 5 6303 7049 7047 6483 6482 
1 4 6303 6304 7964 7962 
1 4 6303 6308 6305 7591 
1 3 7962 6948 6952 
1 4 7962 7964 6304 6303 
1 3 6243 6242 6949 
1 4 7661 7662 6676 6675 
1 3 7661 6843 6839 
1 5 7661 7660 6838 7050 7048 
1 3 6949 6242 6243 
1 3 6949 6708 6707 
1 3 6952 6948 7962 
1 3 6707 6708 6949 
1 4 6707 5167 5169 7242 
1 3 6707 5167 5168 
1 9 7243 7244 7246 6949 6242 6243 6674 5899 5900 
1 4 7242 5169 5167 6707 
1 2 5168 6446 
1 3 5168 5167 6707 
1 5 5168 5166 6706 7595 7591 
1 2 6446 5168 
1 2 6894 5681 
1 2 6894 5681 
1 3 6894 6164 6163 
1 2 5681 6894 
1 2 5681 6894 
1 3 6163 6164 6894 
1 4 6163 6164 6162 7550 
1 3 6163 6160 6449 
1 2 6159 7550 
1 4 6159 6161 6158 6448 
1 4 7550 6162 6164 6163 
1 2 7550 6159 
1 5 7591 7595 6706 5166 5168 
1 4 7591 6305 6308 6303 
1 3 7591 7594 7017 
1 4 7790 7788 7018 7017 
1 4 7790 7408 7410 7404 
1 4 7790 7787 7789 7835 
1 4 7835 7789 7787 7790 
1 4 7835 7838 7836 7423 
1 3 7039 5909 5907 
1 3 7039 7038 5845 
1 3 6523 6525 5845 
1 2 6523 6549 
1 3 6735 6734 6549 
1 4 6735 7556 7558 7557 
1 6 6735 6736 6732 5906 5902 7506 
1 4 7610 7608 7239 8005 
1 2 7608 7239 
1 3 7608 7610 5082 
1 3 7608 7610 7469 
1 2 7239 7608 
1 5 8005 7422 7834 7837 7423 
1 4 8005 8004 6915 6916 
1 5 8005 8003 5079 5081 5082 
1 4 8005 8003 5078 7610 
1 5 5507 7498 7500 6697 6698 
1 5 5507 5505 7731 7727 7730 
1 2 5507 7498 
1 5 7373 7372 7829 7825 7830 
1 4 7373 7376 6145 6255 
1 5 7373 7372 7823 7831 6800 
1 5 6800 7831 7823 7372 7373 
1 3 6800 6799 7495 
1 4 6549 6547 5669 5670 
1 2 6549 6523 
1 3 6549 6734 6735 
1 3 5670 5159 5155 
1 4 5670 5669 6547 6549 
1 4 7557 7558 7556 6735 
1 2 7557 7495 
1 3 7495 6799 6800 
1 2 7495 7557 
1 4 7495 7557 7555 5903 
1 5 7730 7727 7731 5505 5507 
1 3 7730 5665 5666 
1 3 5666 5665 7730 
1 4 5666 5905 5902 7506 
1 3 5666 5664 5547 
1 5 5666 5665 5546 5545 7671 
1 4 5666 5664 5547 6775 
1 4 5903 7555 7557 7495 
1 3 5903 5902 7506 
1 6 7506 5902 5906 6732 6736 6735 
1 3 7506 5902 5903 
1 4 7506 5902 5905 5666 
1 2 7506 6532 
1 4 7423 7836 7838 7835 
1 5 7423 7837 7834 8004 8005 
1 3 5845 7038 7039 
1 3 5845 6525 6523 
1 5 5082 5081 5079 8003 8005 
1 3 5082 5081 5079 
1 3 5082 7610 7608 
1 3 5079 6914 6916 
1 3 5079 5081 5082 
1 4 6638 6639 5949 5340 
1 2 6639 5950 
1 4 6639 6638 6437 6443 
1 4 6443 6437 6638 6639 
1 6 6443 6637 6640 7924 7916 7925 
1 4 6440 6129 6135 6130 
1 3 6440 5729 5732 
1 4 6440 6444 6915 6916 
1 5 7924 5947 5948 5342 5340 
1 6 7925 7916 7924 6640 6637 6443 
1 7 7925 7914 7918 7919 7248 7858 7854 
1 6 7859 7854 7858 7252 7249 6805 
1 2 7859 7854 
1 7 7854 7858 7248 7919 7918 7914 7925 
1 5 7854 7858 7252 5266 5265 
1 2 7854 7859 
1 2 5265 5266 
1 5 5265 5266 7252 7858 7854 
1 2 5266 7249 
1 2 5266 5265 
1 2 7249 6805 
1 3 7249 7252 7250 
1 2 7249 5266 
1 3 7250 7252 7249 
1 3 6554 6911 6913 
1 2 6554 6805 
1 2 6554 6805 
1 4 6913 5141 5138 5139 
1 2 6913 6907 
1 3 6913 6911 6554 
1 8 6907 6908 5952 5339 6070 5939 5938 5140 
1 2 6907 6913 
1 4 5938 5939 6070 6072 
1 2 5938 5140 
1 2 6805 6554 
1 2 6805 6554 
1 2 6805 7249 
1 6 6805 7249 7252 7858 7854 7859 
1 4 5340 5342 5949 5950 
1 4 5340 5949 6639 6638 
1 5 5340 5342 5948 5947 7924 
1 3 6072 6071 6448 
1 2 6072 6727 
1 4 6072 6070 5939 5938 
1 4 5950 5949 5342 5340 
1 2 5950 6639 
1 2 6727 6072 
1 6 5719 6131 5731 7016 7019 7017 
1 4 6130 6135 6129 6440 
1 3 5732 5729 6440 
1 3 7017 7594 7591 
1 6 7017 7019 7016 5731 6131 5719 
1 4 7017 7018 7788 7790 
1 4 6916 6915 6444 6440 
1 4 6916 6915 8004 8005 
1 3 6916 6914 5079 
1 3 5155 5159 5670 
1 5 7830 7825 7829 7372 7373 
1 4 198 1226 1227 3964 
1 3 199 196 1796 
1 3 199 196 4480 
1 4 395 4025 4665 4337 
1 2 395 3632 
1 3 395 3634 3631 
1 3 1352 1354 1357 
1 2 1352 8819 
1 2 1357 3595 
1 3 1357 1354 1352 
1 3 1357 3595 4756 
1 3 2506 4479 4480 
1 2 2506 2503 
1 4 2506 2503 2505 4163 
1 2 2503 2506 
1 2 3595 1357 
1 3 3631 3634 395 
1 3 3632 4336 4337 
1 2 3632 4025 
1 2 3632 395 
1 2 3756 4163 
1 2 3756 4163 
1 3 4024 4665 4664 
1 2 4025 4665 
1 2 4025 3632 
1 7 4163 2503 197 199 1229 1227 3964 
1 4 4163 2505 2503 2506 
1 2 4163 3756 
1 2 4163 3756 
1 3 4337 4336 3632 
1 4 4337 4336 4025 395 
1 6 4478 4480 196 1229 1227 3964 
1 3 4480 196 199 
1 3 4480 4479 2506 
1 2 4664 4665 
1 3 4664 4665 4024 
1 2 4665 4664 
1 2 4665 4025 
1 3 4756 3595 1357 
1 2 8741 8746 
1 2 8741 8746 
1 2 8742 8746 
1 2 8742 8743 
1 2 8743 8742 
1 2 8746 8741 
1 2 8746 8741 
1 2 8746 8742 
1 2 8819 1352 
1 2 3964 1227 
1 2 3964 1227 
1 4 3964 1227 1226 198 
1 2 3964 771 
1 2 3964 1227 
1 6 3964 1227 1229 196 4480 4478 
1 7 3964 1227 1226 198 197 2503 4163 
1 6 6421 5773 7045 7046 7069 7077 
1 6 6421 5773 7046 7069 7075 5774 
1 10 6421 6426 6429 6420 5100 5103 5097 6545 6543 7768 
1 4 6919 5855 5853 5338 
1 3 6919 5855 5853 
1 3 6919 6921 5843 
1 3 6919 6918 5944 
1 5 5569 5576 5574 5942 5944 
1 3 5944 6918 6919 
1 5 5944 5942 5574 5576 5569 
1 4 5944 5334 5333 7552 
1 3 6080 5099 5105 
1 2 6080 6542 
1 4 5335 6078 6544 7768 
1 3 5335 5333 7552 
1 3 7269 7270 7552 
1 4 7269 5240 5241 5239 
1 3 7552 5333 5335 
1 4 7552 5333 5334 5944 
1 3 7552 7270 7269 
1 9 7552 7272 7770 6598 7766 7771 6593 6584 6579 
1 10 7768 6543 6545 5097 5103 5100 6420 6429 6426 6421 
1 3 7768 6544 6542 
1 4 7768 6544 6078 5335 
1 2 6542 6080 
1 3 6542 6544 7768 
1 7 5105 6757 5728 6757 5105 6757 6758 
1 5 5105 5843 5842 5099 5843 
1 3 5105 5099 6080 
1 9 6579 6584 6593 7771 7766 6598 7770 7272 7552 
1 3 7168 7173 6938 
1 2 6688 6168 
1 2 5364 6939 
1 2 5364 6605 
1 4 5364 6605 5207 5206 
1 3 5364 6607 6605 
1 3 6141 5409 5392 
1 2 6141 6140 
1 2 6140 6141 
1 3 6140 6937 6938 
1 2 6140 6939 
1 5 6140 6939 5364 6605 5360 
1 2 6939 6140 
1 2 6939 5364 
1 2 6938 5392 
1 3 6938 7173 7168 
1 3 6938 6937 6140 
1 2 6605 5364 
1 3 6605 6607 5364 
1 2 6605 5359 
1 5 5360 6605 5364 6939 6140 
1 2 5359 6605 
1 3 5359 5207 5206 
1 2 6110 6168 
1 2 6168 6110 
1 2 6168 6688 
1 4 7286 7297 5652 5650 
1 2 5650 7553 
1 4 5650 5652 7297 7286 
1 3 5650 7553 5086 
1 4 5650 5651 6178 6175 
1 3 5835 5839 6175 
1 2 5835 8095 
1 4 7397 8085 8086 7313 
1 3 8085 8086 7313 
1 3 6533 7144 7440 
1 5 6533 7143 7140 6793 7142 
1 7 6533 7143 7140 6797 6791 6792 6790 
1 5 7142 6793 7140 7143 6533 
1 4 7142 7658 7659 6127 
1 2 7142 7658 
1 7 6790 6792 6791 6797 7140 7143 6533 
1 4 6790 6792 6796 6819 
1 2 6819 6508 
1 6 6819 6817 6818 6820 7199 7198 
1 4 6819 6796 6792 6790 
1 3 6819 5790 5792 
1 6 7198 7199 6820 6818 6817 6819 
1 4 7198 6260 6497 6260 
1 4 7198 6260 6497 6496 
1 6 7310 7311 7307 6126 5367 6750 
1 2 7306 6123 
1 5 7306 7311 5476 5472 5471 
1 4 7306 7308 7202 6931 
1 7 5479 5477 5471 5472 7309 7307 6123 
1 3 5479 5477 5471 
1 3 5471 5069 5071 
1 5 5471 5472 5476 7311 7306 
1 3 5471 5477 5479 
1 3 5471 5475 8810 
1 3 8810 5475 5471 
1 5 5075 5070 5072 6379 6380 
1 2 5075 5071 
1 2 5071 5075 
1 3 5071 5069 5471 
1 3 5462 5461 5463 
1 3 5463 5461 5462 
1 2 5463 6380 
1 4 6375 6377 5372 5369 
1 4 6375 6377 5371 5379 
1 2 6380 5463 
1 5 6380 6379 5072 5070 5075 
1 4 5206 5207 6605 5364 
1 3 5206 5207 5359 
1 4 5206 5210 5209 8030 
1 2 7449 6887 
1 2 6887 7449 
1 3 6887 6165 7220 
1 2 7984 8038 
1 3 7984 7983 5606 
1 7 7984 7983 5606 5211 5208 7479 7474 
1 2 8038 7984 
1 3 5606 7983 7984 
1 4 5606 5211 5209 8030 
1 2 7553 5650 
1 2 5086 7220 
1 3 5086 6176 6224 
1 3 5086 7553 5650 
1 3 7220 6165 6887 
1 2 7220 5086 
1 4 6175 6178 5651 5650 
1 3 6175 5839 5835 
1 3 6224 6176 5086 
1 7 7474 7479 5208 5211 5606 7983 7984 
1 3 8027 8028 8030 
1 3 8027 8031 5369 
1 4 8030 5209 5210 5206 
1 4 8030 5209 5211 5606 
1 3 8030 8028 8027 
1 3 5369 8031 8027 
1 4 5369 5372 6377 6375 
1 4 5379 5371 6377 6375 
1 3 5379 5370 6750 
1 2 6054 5783 
1 3 6750 5370 5379 
1 3 6750 6752 5783 
1 4 6750 6749 6124 7605 
1 6 6750 5367 6126 7307 7311 7310 
1 2 5783 6054 
1 3 5783 6752 6750 
1 2 6123 7605 
1 4 6123 7605 5293 5298 
1 2 6123 7306 
1 7 6123 7307 7309 5472 5471 5477 5479 
1 4 7605 6124 6125 6750 
1 2 7605 6123 
1 4 5298 5293 7605 6123 
1 2 6508 7658 
1 2 6508 6819 
1 6 6508 6819 5790 6819 5790 5792 
1 2 7658 7142 
1 2 7658 6508 
1 2 6036 6127 
1 2 6127 6036 
1 4 6127 7659 7658 7142 
1 3 7680 7441 7313 
1 3 7680 7442 7440 
1 2 8095 5835 
1 3 8095 8086 7313 
1 3 7313 8086 8085 
1 3 7313 8086 8095 
1 4 7313 8086 8085 7397 
1 3 7313 7441 7680 
1 3 7440 7442 7680 
1 3 7440 7144 6533 
1 3 5485 5480 8055 
1 2 7034 7351 
1 3 7034 7350 5239 
1 2 7351 7034 
1 3 6358 6355 7843 
1 6 7090 7091 6354 7036 6642 7765 
1 3 7090 7089 6043 
1 3 7843 6355 6358 
1 2 7843 5242 
1 3 7843 7014 7013 
1 3 8055 5480 5485 
1 2 8055 7603 
1 3 7218 7217 7596 
1 2 7603 8055 
1 2 7603 7392 
1 3 7603 7602 8012 
1 2 5242 7843 
1 2 6642 5239 
1 3 6642 5239 7765 
1 3 7765 5239 6642 
1 2 7765 7791 
1 6 7765 6642 7036 6354 7091 7090 
1 3 7013 7014 7843 
1 3 7013 7012 7262 
1 3 5239 7350 7034 
1 4 5239 5241 5240 7269 
1 2 5239 6642 
1 3 7262 7012 7013 
1 4 7262 7012 5595 5598 
1 4 7262 6048 6047 6043 
1 5 7262 7261 7264 7259 7944 
1 9 7262 7260 7263 7946 7949 7943 7344 7425 7424 
1 3 6043 7089 7090 
1 4 6043 6047 6048 7262 
1 3 5598 8013 8012 
1 4 5598 5595 7012 7262 
1 3 8012 7602 7603 
1 4 8012 5704 5708 7326 
1 3 8012 8013 5598 
1 4 7059 7421 5085 5084 
1 2 7059 7421 
1 2 7059 7596 
1 2 7059 7392 
1 2 7392 7059 
1 2 7392 7603 
1 3 7596 7217 7218 
1 3 7596 7059 7421 
1 2 7596 7059 
1 9 7424 7425 7344 7943 7949 7946 7263 7260 7262 
1 4 7424 7425 7344 7343 
1 2 7424 7507 
1 5 7944 7259 7264 7261 7262 
1 5 7944 6312 6310 6017 5759 
1 4 7343 7344 7425 7424 
1 4 7507 7508 6014 6016 
1 2 7507 6550 
1 2 7507 7424 
1 4 6016 6015 6017 5759 
1 4 6016 6014 7508 7507 
1 3 6309 8047 7799 
1 2 6309 5759 
1 2 5759 6309 
1 5 5759 6017 6310 6312 7944 
1 4 5759 6017 6015 6016 
1 2 6550 7507 
1 3 2055 2053 2054 
1 10 2055 2053 2054 2119 2118 3614 3619 3817 3824 3820 
1 3 2054 2119 2121 
1 2 2054 2119 
1 4 2054 2119 2118 3614 
1 3 2054 2053 2055 
1 3 2121 2119 2054 
1 2 2119 2054 
1 6 3612 3621 3613 3825 3799 3804 
1 4 3612 3621 3613 3825 
1 4 3612 3622 3615 3614 
1 5 3612 3622 3611 3817 3823 
1 4 3614 3615 3622 3612 
1 4 3614 2118 2119 2054 
1 5 3614 3619 3817 3824 3820 
1 5 3823 3817 3619 3615 3612 
1 5 3820 3824 3817 3619 3614 
1 10 3820 3824 3817 3619 3614 2118 2119 2054 2053 2055 
1 3 3820 617 612 
1 7 3820 617 612 615 608 139 134 
1 6 25 4349 4347 4236 4443 2018 
1 5 25 861 862 855 862 
1 3 71 3636 3637 
1 2 71 2791 
1 5 114 111 4265 592 600 
1 3 114 4269 4267 
1 4 114 116 112 1835 
1 5 126 128 122 125 3262 
1 3 145 3539 3538 
1 4 145 142 146 4599 
1 3 183 184 4921 
1 5 189 3646 3643 2528 2526 
1 5 189 187 188 2599 2596 
1 4 189 3646 3648 3645 
1 5 189 187 191 186 2453 
1 2 201 933 
1 2 201 202 
1 2 202 201 
1 3 202 204 1768 
1 2 217 4328 
1 2 217 2611 
1 3 276 4366 4367 
1 4 276 3383 3382 3381 
1 5 276 277 4071 1555 4158 
1 4 306 304 3122 3117 
1 3 306 299 1864 
1 3 309 312 1856 
1 3 369 4679 4682 
1 3 369 3023 3022 
1 4 369 366 2463 2464 
1 6 373 375 3225 1830 4266 4267 
1 3 377 378 2507 
1 3 431 429 2789 
1 3 431 430 2874 
1 6 431 430 2874 4226 4225 2873 
1 4 436 2177 2178 1267 
1 3 435 436 2176 
1 2 435 2938 
1 4 496 494 2199 2200 
1 3 494 2199 2200 
1 4 494 493 3888 3886 
1 3 494 2199 1007 
1 4 494 1009 1005 4328 
1 3 501 4208 4214 
1 4 501 4208 4212 4213 
1 2 501 500 
1 2 500 501 
1 3 500 503 4465 
1 3 534 4593 4587 
1 7 534 796 4867 4873 4867 4868 4869 
1 3 565 1433 1434 
1 2 565 4883 
1 3 565 564 3128 
1 4 565 564 3128 1768 
1 4 565 564 4883 4690 
1 4 575 569 2461 2460 
1 4 575 569 1068 1071 
1 5 575 568 571 4065 4064 
1 2 588 3190 
1 4 588 595 586 600 
1 4 600 586 595 588 
1 5 600 592 4265 111 114 
1 2 607 3150 
1 2 607 603 
1 2 603 607 
1 3 603 680 672 
1 2 636 2992 
1 3 636 635 4710 
1 4 644 1896 1895 4609 
1 3 644 642 3034 
1 4 644 1902 641 4484 
1 2 733 734 
1 2 734 733 
1 2 734 2557 
1 2 751 1845 
1 4 751 1845 1844 3426 
1 6 777 774 779 4711 2020 2026 
1 5 777 774 779 4709 4710 
1 4 777 773 1858 2132 
1 3 781 2395 2391 
1 3 781 782 2406 
1 3 790 798 4869 
1 3 790 3558 3556 
1 4 832 833 4879 4876 
1 2 832 4482 
1 3 835 4944 4942 
1 4 862 856 4352 4998 
1 5 862 855 862 861 25 
1 5 862 855 858 1578 1579 
1 5 862 855 858 1417 1424 
1 4 895 894 985 987 
1 5 895 897 3752 3745 3688 
1 5 895 893 4553 4549 3171 
1 2 907 4071 
1 2 907 4071 
1 5 907 1555 1554 1840 1842 
1 2 907 4071 
1 2 907 1555 
1 2 933 934 
1 2 933 201 
1 2 934 4582 
1 2 934 933 
1 3 950 4829 4830 
1 2 950 4368 
1 4 950 951 1419 1424 
1 3 950 949 4696 
1 6 977 978 3146 3741 3743 1571 
1 3 979 978 3146 
1 3 979 2875 2874 
1 3 979 976 2873 
1 3 1007 2199 494 
1 4 1007 1006 1005 4329 
1 2 1020 3565 
1 4 1020 3565 2485 4205 
1 4 1071 1066 4847 4849 
1 3 1071 1065 4484 
1 4 1071 1068 569 575 
1 3 1072 2612 2611 
1 2 1072 4444 
1 5 1072 4445 4443 4236 4347 
1 4 1093 1090 1094 2200 
1 2 1122 2793 
1 3 1122 2175 2171 
1 2 1122 2793 
1 2 1168 4514 
1 3 1168 3180 3178 
1 2 1172 2609 
1 4 1172 1173 2142 1767 
1 3 1172 8793 8792 
1 2 1170 2143 
1 2 1170 2609 
1 5 1223 1220 4135 4131 4956 
1 3 1223 1218 2915 
1 3 1225 2462 2464 
1 4 1225 2462 2476 2475 
1 3 1247 1248 2311 
1 3 1247 1975 1974 
1 5 1247 1975 1973 2117 4696 
1 4 1267 2178 2177 436 
1 3 1267 3031 3034 
1 2 1297 4548 
1 4 1297 834 832 4482 
1 6 1309 1303 1306 3537 2618 2615 
1 3 1309 1303 1306 
1 4 1306 3537 2614 1840 
1 3 1306 1303 1309 
1 3 1323 1322 2406 
1 2 1348 3342 
1 2 1348 3342 
1 2 1348 3339 
1 5 1424 1417 858 855 862 
1 4 1424 1419 951 950 
1 2 1427 4441 
1 2 1427 1429 
1 2 1429 1427 
1 3 1429 1428 4691 
1 2 1434 8818 
1 2 1434 8818 
1 3 1434 1433 565 
1 3 1437 1580 1586 
1 4 1437 2307 2308 2306 
1 3 1468 4059 4062 
1 2 1468 2311 
1 4 1482 3328 3334 3329 
1 4 1482 1483 4831 2732 
1 5 1549 1546 1550 4353 3075 
1 2 1555 907 
1 2 1555 4158 
1 3 1569 1574 1571 
1 2 1569 1836 
1 5 1569 1574 1565 1573 3146 
1 3 1571 3743 3742 
1 3 1571 1574 1569 
1 6 1571 3743 3741 3146 978 977 
1 2 1576 4442 
1 2 1576 2732 
1 5 1579 1578 858 855 862 
1 2 1767 3127 
1 2 1767 2142 
1 4 1767 2142 1173 1172 
1 3 1768 204 202 
1 4 1768 3128 564 565 
1 5 1768 1767 3127 4883 4690 
1 3 1804 4026 4027 
1 3 1804 2792 2793 
1 5 1804 4026 2072 2556 2557 
1 4 1804 4026 2072 2073 
1 2 1828 1829 
1 6 1828 1829 3225 374 3304 2507 
1 2 1829 1828 
1 3 1829 1830 3222 
1 2 1836 1835 
1 2 1836 1569 
1 4 1835 112 116 114 
1 2 1835 1836 
1 5 1842 1841 4157 4158 907 
1 4 1840 2614 3537 1306 
1 8 1845 751 754 3947 3948 3949 3040 3036 
1 2 1845 751 
1 3 1856 312 309 
1 3 1856 1855 4767 
1 3 1864 299 306 
1 3 1864 2057 2058 
1 4 1889 2939 2937 2938 
1 4 1889 1893 4765 4759 
1 4 1905 1906 2457 2453 
1 4 1905 1906 4850 4849 
1 3 1974 1975 1247 
1 4 1974 1973 2117 4696 
1 3 1985 1988 4767 
1 3 2018 4443 4236 
1 4 2018 4443 4236 4347 
1 3 2018 2019 4444 
1 6 2018 4443 4236 4347 4349 25 
1 4 2026 2022 4765 4759 
1 6 2026 2020 4711 779 774 777 
1 3 2058 2057 1864 
1 3 2058 2056 2488 
1 4 2073 2072 4026 1804 
1 3 2073 2070 3022 
1 3 2109 4070 4068 
1 3 2109 4905 4904 
1 2 2117 4696 
1 4 2132 1858 773 777 
1 2 2132 4767 
1 2 2132 4548 
1 2 2142 1767 
1 5 2142 1767 3127 4883 4690 
1 2 2143 1170 
1 3 2171 2175 1122 
1 4 2170 2173 2172 2793 
1 2 2177 2176 
1 2 2176 2177 
1 3 2176 436 435 
1 2 2198 4998 
1 3 2198 4998 4350 
1 2 2198 4442 
1 4 2200 2201 4903 4904 
1 4 2200 1094 1090 1093 
1 3 2200 2199 494 
1 4 2200 2199 494 496 
1 2 2287 2289 
1 2 2289 2287 
1 4 2289 2286 2691 4365 
1 4 2306 2308 2307 1437 
1 3 2306 2309 3128 
1 3 2306 565 4883 
1 4 2306 565 4883 4690 
1 2 2311 1468 
1 3 2311 1248 2336 
1 3 2311 1248 1247 
1 3 2336 1248 2311 
1 3 2391 3425 3426 
1 3 2391 2395 781 
1 3 2406 1322 1323 
1 3 2406 1322 4203 
1 3 2406 782 781 
1 4 2406 782 3791 3788 
1 5 2453 186 191 187 189 
1 2 2453 4917 
1 4 2453 2457 1906 1905 
1 2 2460 4160 
1 4 2460 2461 569 575 
1 4 2464 2463 366 369 
1 3 2464 2462 1225 
1 4 2475 2476 2462 1225 
1 2 2475 4133 
1 2 2485 4205 
1 3 2488 2056 2058 
1 3 2488 2056 4160 
1 6 2507 3304 374 3225 1830 1828 
1 5 2507 3304 3297 3226 3222 
1 3 2507 378 377 
1 8 2507 3304 3297 3307 3301 3306 3299 3302 
1 2 2557 734 
1 5 2557 2556 2072 4026 1804 
1 5 2596 2599 188 187 189 
1 2 2609 1170 
1 2 2609 1172 
1 2 2611 4328 
1 2 2611 217 
1 3 2611 2612 1072 
1 2 2615 3538 
1 6 2615 2618 3537 1306 1303 1309 
1 3 2694 2691 4365 
1 3 2694 2681 4062 
1 4 2732 4831 1483 1482 
1 2 2732 1576 
1 2 2732 4830 
1 3 2770 2765 3329 
1 4 2777 2781 4067 4904 
1 3 2789 429 431 
1 6 2789 428 427 430 4231 4227 
1 2 2791 71 
1 2 2791 4354 
1 2 2793 1122 
1 2 2793 1122 
1 4 2793 2172 2173 2170 
1 3 2793 2792 1804 
1 3 2843 1481 4368 
1 6 2873 4225 4226 2874 430 431 
1 3 2873 976 979 
1 3 2873 4225 4226 
1 3 2874 430 431 
1 3 2874 2875 979 
1 5 2914 1218 1220 4132 4133 
1 3 2915 1218 1223 
1 4 2915 4961 4922 4921 
1 2 2938 435 
1 4 2938 2937 2939 1889 
1 2 2956 2955 
1 4 2956 2955 733 3190 
1 2 2955 2956 
1 3 2955 4028 4027 
1 5 2973 2972 1221 4132 4133 
1 2 2992 3096 
1 2 2992 636 
1 3 3022 2070 2073 
1 3 3022 3020 3861 
1 3 3022 3023 369 
1 3 3034 3031 1267 
1 3 3034 642 644 
1 4 3036 3040 3949 3948 
1 8 3036 3040 3949 3948 3947 754 751 1845 
1 4 3070 3069 4204 4205 
1 4 3070 3073 3072 4547 
1 5 3075 4353 1550 1546 1549 
1 2 3075 4205 
1 4 3092 2405 3790 3788 
1 2 3096 4691 
1 2 3096 2992 
1 3 3099 4483 4482 
1 3 3099 3097 4203 
1 2 3127 1767 
1 3 3128 2309 2306 
1 3 3128 564 565 
1 5 3146 1573 1565 1574 1569 
1 2 3146 3147 
1 3 3146 978 979 
1 2 3147 3146 
1 2 3150 607 
1 5 3171 4549 4553 893 895 
1 4 3178 3179 3175 1442 
1 3 3178 3180 1168 
1 4 3190 733 2955 2956 
1 2 3190 588 
1 3 3222 1830 1829 
1 5 3222 3226 3297 3304 2507 
1 8 3222 3226 3307 3301 3306 3299 3302 3300 
1 3 3278 3123 3762 
1 5 3278 3279 3116 3122 3117 
1 3 3288 3291 3742 
1 8 3300 3302 3299 3306 3301 3307 3226 3222 
1 2 3300 3302 
1 8 3302 3299 3306 3301 3307 3297 3304 2507 
1 2 3302 3300 
1 3 3329 2765 2770 
1 3 3329 3332 4465 
1 4 3329 3334 3328 1482 
1 2 3342 1348 
1 2 3342 1348 
1 2 3339 1348 
1 3 3339 3345 4155 
1 4 3381 3382 3383 276 
1 3 3381 1555 4158 
1 4 3426 1844 1845 751 
1 3 3426 3425 2391 
1 2 3538 2615 
1 3 3538 3536 145 
1 3 3565 3567 4354 
1 2 3565 1020 
1 3 3637 3640 4441 
1 3 3637 3636 71 
1 6 3642 2145 2150 2149 2152 2146 
1 2 3642 4611 
1 4 3645 3648 3646 189 
1 5 3688 3745 3752 897 895 
1 3 3688 3685 3886 
1 3 3742 3291 3288 
1 3 3742 3743 1571 
1 4 3788 3791 782 2406 
1 4 3788 3790 2405 3092 
1 3 3788 4240 4241 
1 3 3794 661 672 
1 3 3861 3020 3022 
1 3 3886 3685 3688 
1 4 3886 3888 493 494 
1 4 3886 3885 4722 4720 
1 4 3948 3949 3040 3036 
1 6 4018 4023 4015 4210 4209 4213 
1 2 4028 4027 
1 2 4027 4028 
1 3 4027 4028 2955 
1 3 4027 4026 1804 
1 3 4062 2681 2694 
1 3 4062 4059 1468 
1 3 4068 3747 3262 
1 3 4068 3747 3746 
1 3 4068 4070 2109 
1 2 4071 907 
1 2 4071 907 
1 2 4071 907 
1 5 4133 4132 1221 2972 2973 
1 2 4133 2475 
1 3 4133 2474 4956 
1 5 4133 4132 1220 1218 2914 
1 6 4133 2474 4956 4955 184 4921 
1 3 4155 3345 3339 
1 3 4155 4154 4267 
1 5 4158 1555 4071 277 276 
1 2 4158 1555 
1 3 4158 1555 3381 
1 3 4160 2056 2488 
1 2 4160 2460 
1 3 4203 3097 3099 
1 3 4203 1322 2406 
1 4 4205 2485 3565 1020 
1 2 4205 3075 
1 2 4205 2485 
1 4 4205 4204 3069 3070 
1 3 4214 4208 501 
1 6 4213 4209 4210 4015 4023 4018 
1 4 4213 4212 4208 501 
1 6 4227 4230 1218 1223 1219 2789 
1 3 4226 4225 2873 
1 3 4235 2449 2451 
1 2 4236 4443 
1 3 4236 4443 2018 
1 3 4241 4240 3788 
1 4 4241 4997 4999 4998 
1 3 4267 4154 4155 
1 3 4267 4269 114 
1 6 4267 4266 1830 3225 375 373 
1 4 4329 1005 1009 1007 
1 4 4328 1005 1009 494 
1 5 4328 1005 1008 496 4716 
1 2 4328 217 
1 2 4328 2611 
1 5 4347 4236 4443 4445 1072 
1 4 4347 4236 4443 2018 
1 3 4350 4998 2198 
1 2 4354 2791 
1 3 4354 3567 3565 
1 3 4367 4366 276 
1 4 4365 2691 2286 2289 
1 3 4365 2691 2694 
1 3 4368 1481 2843 
1 2 4368 950 
1 3 4441 3640 3637 
1 2 4441 1427 
1 2 4442 2198 
1 2 4442 1576 
1 2 4444 1072 
1 3 4444 2019 2018 
1 2 4444 8793 
1 2 4443 4236 
1 3 4465 503 500 
1 3 4465 3332 3329 
1 4 4482 832 834 1297 
1 2 4482 832 
1 3 4482 4483 3099 
1 4 4484 641 1902 644 
1 3 4484 1065 1071 
1 2 4514 1168 
1 2 4514 4517 
1 2 4517 4514 
1 3 4517 4513 4582 
1 4 4547 3072 3073 3070 
1 3 4547 2474 4956 
1 2 4548 2132 
1 2 4548 1297 
1 5 4583 4514 1168 3177 4720 
1 3 4582 4513 4517 
1 2 4582 934 
1 4 4594 4589 4600 4597 
1 2 4594 4587 
1 2 4587 4594 
1 3 4587 4593 534 
1 6 4587 4865 4867 4868 4863 770 
1 5 4597 4604 4605 4601 4599 
1 4 4597 4600 4589 4594 
1 4 4599 146 142 145 
1 5 4599 4601 4605 4604 4597 
1 2 4611 3642 
1 3 4611 4610 4609 
1 3 4609 4610 4611 
1 4 4609 1895 1896 644 
1 3 4682 4679 369 
1 4 4690 4883 565 2306 
1 5 4690 4883 3127 1767 1768 
1 4 4690 4883 564 565 
1 2 4690 4883 
1 5 4690 4883 3127 1767 2142 
1 3 4691 1428 1429 
1 2 4691 3096 
1 3 4696 949 950 
1 5 4696 2117 1973 1975 1247 
1 2 4696 2117 
1 4 4696 2117 1973 1974 
1 3 4710 635 636 
1 5 4710 4709 779 774 777 
1 4 4720 4722 3885 3886 
1 5 4720 3177 1168 4514 4583 
1 5 4716 496 1008 1005 4328 
1 4 4759 4765 1893 1889 
1 4 4759 4765 2022 2026 
1 3 4767 1855 1856 
1 3 4767 1988 1985 
1 2 4767 2132 
1 2 4830 2732 
1 3 4830 4829 950 
1 4 4849 4850 1906 1905 
1 4 4849 4847 1066 1071 
1 4 4876 4880 5024 5025 
1 4 4876 4879 833 832 
1 3 4883 565 2306 
1 2 4883 565 
1 2 4883 4690 
1 4 4904 4067 2781 2777 
1 3 4904 4905 2109 
1 4 4904 4903 2201 2200 
1 2 4917 2453 
1 6 4921 4922 4961 4960 4131 4133 
1 6 4921 184 4955 4960 4131 4956 
1 4 4921 4922 4961 2915 
1 3 4921 184 183 
1 3 4942 4944 835 
1 4 4942 5023 5022 5019 
1 3 4950 4952 1317 
1 3 4956 2474 4547 
1 3 4956 2474 4133 
1 5 4956 4131 4135 1220 1223 
1 6 4956 4131 4960 4955 184 4921 
1 4 4998 4999 4997 4241 
1 2 4998 2198 
1 4 4998 2198 856 862 
1 4 5019 5022 5023 4942 
1 6 5019 5022 5006 5007 660 664 
1 6 5019 5009 5005 2355 2365 2354 
1 4 5025 5024 4880 4876 
1 4 8644 8641 8652 8648 
1 2 8644 8657 
1 7 8644 8657 8640 8659 8666 8667 8670 
1 3 8639 8654 8663 
1 2 8657 8644 
1 2 8657 8660 
1 2 8660 8657 
1 3 8660 8659 8666 
1 2 8669 8666 
1 3 8669 8664 8670 
1 3 8666 8659 8660 
1 7 8666 8646 8642 8645 8639 8654 8663 
1 2 8666 8669 
1 7 8670 8667 8666 8659 8640 8657 8644 
1 3 8670 8664 8669 
1 2 8793 4444 
1 3 8792 8793 1172 
1 3 3746 3747 4068 
1 3 1317 4952 4950 
1 2 1317 2031 
1 3 8771 8770 8769 
1 3 8769 2740 2739 
1 3 8769 8770 8771 
1 3 8653 8655 8648 
1 4 8653 8651 8650 8662 
1 3 8648 8655 8653 
1 4 8648 8652 8641 8644 
1 4 8662 8650 8651 8653 
1 3 8663 8654 8639 
1 7 8663 8654 8639 8645 8642 8646 8666 
1 3 672 680 603 
1 3 672 661 3794 
1 3 672 677 3386 
1 6 664 660 5007 5006 5022 5019 
1 5 3386 3385 3387 273 272 
1 3 3386 677 672 
1 5 272 273 3387 3385 3386 
1 3 272 275 270 
1 3 270 275 272 
1 5 270 271 1848 1852 1847 
1 6 2354 2365 2355 5005 5009 5019 
1 6 2354 2364 2369 2362 3559 1779 
1 5 4864 4866 770 4863 4869 
1 7 4869 4868 4867 4873 4867 796 534 
1 5 4869 4863 770 4866 4864 
1 3 4869 798 790 
1 6 770 4866 4871 4873 4865 4587 
1 2 771 3964 
1 4 771 1231 1228 1796 
1 2 1227 3964 
1 2 1227 3964 
1 2 1227 3964 
1 6 1227 1230 771 1231 1228 1796 
1 4 1796 1228 1231 771 
1 6 1796 1228 1231 771 1230 1227 
1 4 1796 1794 2496 2494 
1 3 1796 196 199 
1 3 3556 3558 790 
1 5 3556 3555 2495 2496 2494 
1 5 2494 2496 2495 3555 3556 
1 4 2494 2496 1794 1796 
1 5 4779 4775 1365 1364 1359 
1 2 4779 4777 
1 10 4777 4779 4775 1365 1360 3529 3527 3524 2500 1779 
1 2 4777 4779 
1 2 1359 3523 
1 8 1359 3523 254 251 4095 4094 252 253 
1 5 1359 1364 1365 4775 4779 
1 5 1847 1852 1848 271 270 
1 4 1847 1849 1854 1846 
1 4 1846 1854 1849 1847 
1 3 1846 1850 1780 
1 3 1780 1850 1846 
1 2 1780 4095 
1 6 1779 3559 2362 2369 2364 2354 
1 3 1779 1780 4095 
1 10 1779 2500 3524 3527 3529 1360 1365 4775 4779 4777 
1 2 3523 1359 
1 3 253 252 251 
1 8 253 252 4094 4095 251 254 3523 1359 
1 2 251 4095 
1 3 251 252 253 
1 2 4095 1780 
1 3 4095 1780 1779 
1 2 4095 251 
1 3 4839 4835 1340 
1 5 4841 4833 4843 1329 1340 
1 4 4841 4837 4838 2739 
1 6 4841 4833 1337 1331 1328 3184 
1 2 2741 2739 
1 7 2741 2739 4842 1328 1338 3184 3186 
1 4 2739 4838 4837 4841 
1 2 2739 2741 
1 3 2739 2740 8769 
1 7 1340 816 814 815 813 1947 1948 
1 5 1340 816 814 815 813 
1 2 1340 816 
1 3 1340 4835 4839 
1 5 1340 1329 4843 4833 4841 
1 6 1332 1339 1331 1330 1336 816 
1 5 1332 1339 1338 3184 3186 
1 6 3184 1328 1331 1337 4833 4841 
1 5 3186 3184 1338 1339 1332 
1 7 3186 3184 1338 1328 4842 2739 2741 
1 4 3186 3183 2154 2146 
1 3 1344 1544 1543 
1 4 2146 2154 3183 3186 
1 4 2146 2154 3183 1543 
1 6 2146 2152 2149 2150 2145 3642 
1 3 1543 1544 1344 
1 4 1543 3183 2154 2146 
1 3 2526 3904 3906 
1 4 2526 2527 3907 1391 
1 5 2526 2528 3643 3646 189 
1 3 3906 3904 2526 
1 3 3531 3533 2388 
1 4 3531 1409 1401 1391 
1 3 2388 3532 3531 
1 4 1391 1401 1409 3531 
1 4 1391 3907 2527 2526 
1 2 3369 3762 
1 2 3762 3369 
1 3 3762 3123 3278 
1 5 3117 3122 3116 3279 3278 
1 4 3117 3122 304 306 
1 4 1585 1562 1441 1442 
1 3 1586 1580 1437 
1 4 1442 1443 1073 1076 
1 5 1442 1443 1073 3965 3966 
1 4 1442 3175 3179 3178 
1 4 1442 1441 1562 1585 
1 5 1076 1079 1189 1184 1190 
1 4 1076 1073 1443 1442 
1 4 1190 1186 3317 3316 
1 5 1190 1184 1189 1079 1076 
1 4 2532 2533 4655 4654 
1 4 2532 2535 3318 3316 
1 2 4654 720 
1 4 4654 4655 2533 2532 
1 5 2065 2067 2061 2325 2322 
1 2 2065 3446 
1 6 2065 2069 2059 2068 4653 720 
1 2 3446 4224 
1 2 3446 2065 
1 4 4728 3796 2341 2340 
1 2 2031 1317 
1 4 2031 2030 4657 720 
1 5 2322 2325 2061 2067 2065 
1 6 720 4653 2068 2059 2069 2065 
1 4 720 4657 2030 2031 
1 2 720 4654 
1 3 2451 2449 4235 
1 4 2451 2447 982 980 
1 3 2554 2550 4064 
1 5 4064 4065 571 568 575 
1 3 4064 2550 2554 
1 3 4064 4063 2697 
1 5 3262 125 122 128 126 
1 3 3262 3747 4068 
1 3 987 2696 2697 
1 4 987 985 894 895 
1 3 2697 4063 4064 
1 3 2697 2989 2988 
1 3 2697 2696 987 
1 3 2343 3325 3326 
1 2 2343 2730 
1 3 4550 2728 2730 
1 2 4550 3966 
1 2 3966 4550 
1 5 3966 3965 1073 1443 1442 
1 2 2730 2343 
1 3 2730 2728 4550 
1 4 3316 3318 2535 2532 
1 4 3316 3317 1186 1190 
1 3 3326 3325 2343 
1 3 2988 983 980 
1 3 2988 2989 2697 
1 4 980 982 2447 2451 
1 3 980 983 2988 
1 2 4324 4954 
1 3 3796 4324 4954 
1 3 3796 2341 2340 
1 3 2340 2341 3796 
1 4 2340 2341 3796 4728 
1 3 2340 2341 3972 
1 2 4954 4324 
1 3 4954 4324 3796 
1 2 4954 3136 
1 4 4224 2324 2320 3972 
1 2 4224 3446 
1 2 4224 269 
1 3 3972 2341 2340 
1 4 3972 2320 2324 4224 
1 2 8782 8783 
1 2 8782 8781 
1 2 8782 8781 
1 2 8781 8782 
1 2 8781 8782 
1 2 8783 8782 
1 4 8733 8734 8732 8730 
1 2 8732 8730 
1 2 8731 8730 
1 4 8730 8732 8734 8733 
1 2 8730 8731 
1 2 8730 8732 
1 3 23 3937 3579 
1 2 22 1778 
1 4 22 1774 1775 1610 
1 3 62 2081 63 
1 5 63 2081 2076 2086 3397 
1 3 63 2081 62 
1 3 63 2656 2655 
1 3 101 3510 3514 
1 3 101 108 2134 
1 9 152 1660 1692 1635 1706 1678 1697 1629 1645 
1 5 206 210 3893 3890 3607 
1 7 206 210 208 2826 4114 4106 4102 
1 4 257 4811 4816 3348 
1 2 257 4586 
1 6 279 290 280 286 281 3271 
1 6 279 2037 2041 2035 1175 1174 
1 6 279 290 280 291 1243 1238 
1 6 457 469 487 2812 2805 2799 
1 4 454 1915 1917 2808 
1 3 454 3266 3271 
1 3 582 580 1777 
1 5 582 579 5000 2911 2584 
1 2 584 4651 
1 4 584 583 579 5000 
1 2 621 2016 
1 5 639 638 4223 4911 3095 
1 6 647 656 106 3515 1108 1010 
1 4 647 655 1595 1594 
1 2 738 3152 
1 3 738 1615 1618 
1 2 899 3368 
1 2 899 8728 
1 2 898 3368 
1 2 898 2539 
1 2 903 4146 
1 3 903 900 3666 
1 3 908 4473 4476 
1 5 908 909 910 4006 4003 
1 4 908 3891 3896 3607 
1 3 1010 1011 3578 
1 6 1010 1108 3515 106 656 647 
1 4 1114 2948 2953 2929 
1 3 1114 2950 3514 
1 2 1116 3867 
1 4 1174 1175 2813 2814 
1 6 1174 1175 2813 2814 2816 3153 
1 6 1174 1175 2035 2041 2037 279 
1 6 1238 1243 291 280 290 279 
1 5 1238 1232 1236 2932 2930 
1 3 1264 1882 3755 
1 6 1291 1273 154 176 4374 4380 
1 11 1291 1270 1277 1293 1289 3806 3800 4057 4048 4056 4053 
1 5 1312 1314 1311 3054 3052 
1 3 1312 1954 1957 
1 4 1312 1314 1311 3052 
1 4 1594 1598 2887 2888 
1 4 1594 1595 655 647 
1 5 1594 1604 1601 1596 806 
1 4 1610 1775 1774 22 
1 4 1610 1609 1772 1777 
1 5 1610 1608 1612 1776 4334 
1 6 1610 1609 1611 582 579 5000 
1 3 1618 1615 738 
1 2 1618 1978 
1 3 1621 1623 3309 
1 2 1621 1627 
1 2 1627 1621 
1 3 1627 1624 4128 
1 2 1778 22 
1 2 1778 4334 
1 4 1777 1772 1609 1610 
1 3 1777 580 582 
1 2 1801 4946 
1 2 1801 4946 
1 3 1810 2947 2950 
1 2 1881 8812 
1 5 1881 1870 1884 1866 3577 
1 4 1872 3575 1866 3577 
1 2 1872 3755 
1 2 1872 3575 
1 3 1923 2810 2084 
1 3 1923 2803 2808 
1 3 1957 1954 1312 
1 3 1951 1959 4167 
1 3 1951 4171 5031 
1 2 1978 1618 
1 7 1978 1980 1976 1979 3420 3418 3416 
1 2 2012 4245 
1 2 2012 4245 
1 2 2012 3701 
1 2 2016 621 
1 4 2036 2040 3490 3503 
1 2 2077 2799 
1 3 2084 2810 1923 
1 3 2134 108 101 
1 3 2134 108 2888 
1 2 2332 3629 
1 3 2521 3936 3941 
1 4 2521 2524 2520 4651 
1 2 2539 898 
1 6 2539 2538 489 475 4390 4388 
1 2 2539 4220 
1 5 2559 2560 5044 5033 5031 
1 9 2559 2567 3064 3055 3065 3053 3061 82 80 
1 5 2584 2911 5000 579 582 
1 6 2580 2589 2581 3198 3197 3195 
1 3 2655 2656 63 
1 2 2655 2814 
1 6 2799 2805 2812 487 469 457 
1 2 2799 2077 
1 4 2799 2077 2085 3398 
1 3 2808 2803 1923 
1 4 2808 1917 1915 454 
1 2 2814 2655 
1 4 2814 2813 1175 1174 
1 3 2827 2829 4306 
1 3 2827 2832 3578 
1 3 2888 108 2134 
1 4 2888 2887 1598 1594 
1 2 2911 5000 
1 5 2911 2584 4693 2579 3310 
1 4 2900 2905 2912 4781 
1 4 2900 2893 2906 5000 
1 3 2929 2927 4075 
1 4 2929 2953 2948 1114 
1 3 2950 2947 1810 
1 2 2950 3514 
1 4 3052 1311 1314 1312 
1 5 3052 3054 1311 1314 1312 
1 7 3052 3054 3059 3060 3061 82 80 
1 3 3095 4222 4223 
1 5 3095 4222 4223 638 639 
1 3 3095 637 3352 
1 5 3152 4820 4808 4818 4810 
1 2 3152 738 
1 6 3153 2816 2814 2813 1175 1174 
1 4 3157 3158 3415 3352 
1 3 3157 4475 4476 
1 4 3181 1876 1877 3409 
1 3 3181 3350 3348 
1 6 3195 3197 3198 2581 2589 2580 
1 5 3195 4286 4272 4284 4274 
1 2 3242 3240 
1 4 3240 3241 4332 8798 
1 2 3240 3242 
1 4 3240 3241 4332 4334 
1 3 3271 3266 454 
1 6 3271 281 286 280 290 279 
1 2 3309 4692 
1 4 3309 4692 4694 3310 
1 3 3309 1623 1621 
1 5 3310 2579 4693 2584 2911 
1 4 3310 4694 4692 3309 
1 3 3348 3351 3181 
1 4 3348 4816 4811 257 
1 3 3352 637 3095 
1 4 3352 3415 3158 3157 
1 2 3368 899 
1 2 3368 8722 
1 2 3368 898 
1 4 3398 2085 2077 2799 
1 3 3398 2086 3397 
1 2 3397 8812 
1 3 3397 2086 3398 
1 5 3397 2082 2076 2081 63 
1 4 3411 3412 3413 3409 
1 4 3409 3413 3412 3411 
1 4 3409 1877 1876 3181 
1 7 3416 3418 3420 1979 1976 1980 1978 
1 5 3416 3419 4477 4474 4476 
1 4 3503 3490 2040 2036 
1 4 3503 3497 4975 4970 
1 2 3514 2950 
1 3 3514 2950 1114 
1 3 3514 3510 101 
1 5 3577 1866 1884 1870 1881 
1 4 3577 1866 3575 1872 
1 2 3575 1872 
1 3 3578 2832 2827 
1 3 3578 1011 1010 
1 3 3579 3937 23 
1 2 3579 3938 
1 4 3607 3896 3891 908 
1 5 3607 3890 3893 210 206 
1 4 3607 3609 3652 4844 
1 6 3629 3630 4130 4126 4127 4128 
1 2 3629 2332 
1 5 3623 3625 1821 3628 4126 
1 2 3623 3701 
1 5 3666 3659 3673 901 4844 
1 3 3666 900 903 
1 6 3666 4383 4385 4369 4374 4380 
1 5 3691 4813 4817 4809 4810 
1 3 3699 3698 4306 
1 2 3701 2012 
1 2 3701 3623 
1 3 3755 1882 1264 
1 2 3755 1872 
1 3 3844 3997 2274 
1 2 3867 1116 
1 5 3867 3871 3874 3869 3998 
1 4 3889 3901 4109 4102 
1 2 3938 3579 
1 4 3938 3939 4947 4946 
1 3 3941 3936 2521 
1 5 3998 4002 3874 3871 3867 
1 4 3998 4409 4407 4406 
1 5 4003 4006 910 909 908 
1 4 4075 2927 4278 4274 
1 3 4075 2927 2929 
1 7 4102 4106 4114 2826 208 210 206 
1 4 4102 4109 3901 3889 
1 3 4128 1624 1627 
1 6 4128 4127 4126 4130 3630 3629 
1 5 4126 3628 1821 3625 3623 
1 2 4146 903 
1 4 4167 4170 4411 4406 
1 3 4167 1959 1951 
1 2 4220 2539 
1 3 4223 4911 3095 
1 2 4245 2012 
1 4 4245 2012 1116 4405 
1 2 4245 2012 
1 5 4274 4284 4272 4286 3195 
1 4 4274 4278 2927 4075 
1 3 4306 3695 3699 
1 3 4306 2829 2827 
1 2 4330 8798 
1 2 4334 1778 
1 4 4334 4332 3241 3240 
1 5 4334 1776 1612 1608 1610 
1 6 4380 4374 4369 4385 4383 3666 
1 6 4380 4374 176 154 1273 1291 
1 2 4389 4388 
1 6 4388 4390 475 489 2538 2539 
1 2 4388 4389 
1 2 4388 4901 
1 6 4388 4901 4902 476 2667 2661 
1 4 4405 1116 2012 4245 
1 4 4406 4407 4409 3998 
1 4 4406 4411 4170 4167 
1 5 4476 4474 4477 3419 3416 
1 3 4476 4475 3157 
1 3 4476 4473 908 
1 2 4586 257 
1 5 4586 3349 4811 4816 4810 
1 5 4651 2520 2523 4945 4946 
1 4 4651 2520 2524 2521 
1 2 4651 584 
1 2 4694 4692 
1 2 4692 4694 
1 2 4692 3309 
1 2 4743 4907 
1 5 4743 4974 4980 4975 4970 
1 4 4781 2912 2905 2900 
1 5 4810 4816 4811 3349 4586 
1 5 4810 4809 4817 4813 3691 
1 5 4810 4818 4808 4820 3152 
1 4 4844 3652 3609 3607 
1 5 4844 901 3673 3659 3666 
1 2 4907 4743 
1 9 4907 4743 4974 4980 4975 4970 4983 4897 4890 
1 2 4946 1801 
1 4 4946 4947 3939 3938 
1 2 4946 1801 
1 5 4946 4945 2523 2520 4651 
1 5 4970 4975 4980 4974 4743 
1 4 4970 4975 3497 3503 
1 4 4970 4983 4897 4890 
1 4 5000 2906 2893 2900 
1 2 5000 2911 
1 4 5000 579 583 584 
1 6 5000 579 582 1611 1609 1610 
1 3 5031 4171 1951 
1 5 5031 5039 4540 4527 4522 
1 5 5031 5033 5044 2560 2559 
1 3 8391 8397 8524 
1 6 8392 8393 8399 8391 8397 8524 
1 3 8392 8401 8525 
1 5 8403 8508 8499 8510 8511 
1 2 8403 8508 
1 2 8403 8508 
1 2 8403 8402 
1 5 8402 8451 8498 8490 8446 
1 2 8402 8403 
1 8 8405 8513 8514 8424 8412 8406 8416 8509 
1 6 8404 8513 8514 8424 8412 8418 
1 6 8404 8515 8512 8517 8419 8421 
1 2 8404 8513 
1 5 8415 8409 8429 8506 8502 
1 3 8415 8408 8509 
1 4 8418 8406 8414 8509 
1 3 8418 8412 8423 
1 6 8418 8412 8424 8514 8513 8404 
1 3 8421 8526 8527 
1 3 8421 8420 8423 
1 4 8421 8439 8527 8528 
1 6 8421 8419 8517 8512 8515 8404 
1 3 8423 8412 8418 
1 3 8423 8420 8421 
1 2 8432 8427 
1 4 8432 8427 8431 8502 
1 2 8427 8455 
1 2 8427 8432 
1 2 8439 8527 
1 5 8446 8490 8498 8451 8402 
1 2 8450 8525 
1 2 8450 8525 
1 2 8450 8525 
1 8 8450 8525 8401 8392 8395 8389 8400 8488 
1 2 8452 8508 
1 4 8455 8456 8521 8520 
1 4 8455 8456 8521 8520 
1 2 8455 8427 
1 2 8467 8472 
1 2 8472 8467 
1 4 8472 8463 8464 8511 
1 3 8482 8483 8525 
1 2 8482 8487 
1 2 8487 8482 
1 3 8487 8484 8496 
1 8 8488 8400 8389 8395 8392 8401 8525 8450 
1 3 8496 8484 8487 
1 3 8496 8492 8491 
1 3 8491 8492 8496 
1 3 8491 8454 8499 
1 2 8499 8510 
1 2 8499 8508 
1 3 8499 8454 8491 
1 2 8499 8510 
1 4 8502 8431 8427 8432 
1 5 8502 8506 8429 8409 8415 
1 2 8508 8499 
1 2 8508 8403 
1 2 8508 8452 
1 2 8508 8403 
1 4 8509 8414 8406 8418 
1 3 8509 8408 8415 
1 8 8509 8416 8406 8412 8424 8514 8513 8405 
1 4 8511 8464 8471 8518 
1 4 8511 8464 8463 8472 
1 2 8511 8510 
1 5 8511 8510 8499 8508 8403 
1 2 8510 8511 
1 2 8510 8499 
1 2 8510 8499 
1 2 8513 8516 
1 2 8513 8404 
1 2 8516 8513 
1 4 8518 8471 8464 8511 
1 2 8520 8523 
1 4 8520 8523 8456 8455 
1 2 8520 8523 
1 4 8520 8523 8456 8455 
1 2 8523 8520 
1 2 8523 8520 
1 3 8524 8397 8391 
1 6 8524 8397 8391 8399 8393 8392 
1 2 8525 8450 
1 2 8525 8450 
1 2 8525 8450 
1 3 8525 8401 8392 
1 3 8525 8483 8482 
1 4 8528 8527 8439 8421 
1 2 8527 8439 
1 3 8527 8526 8421 
1 2 8798 4330 
1 4 8798 4332 3241 3240 
1 2 8812 1881 
1 2 8812 3397 
1 2 4901 4388 
1 4 4901 4902 4900 2663 
1 2 4900 2663 
1 2 8728 899 
1 2 8722 3368 
1 4 2663 4900 4902 4901 
1 2 2663 4900 
1 6 2661 2667 476 4902 4901 4388 
1 5 2410 2407 704 708 709 
1 5 705 706 848 846 847 
1 2 705 2945 
1 5 709 708 704 2407 2410 
1 4 709 711 702 2945 
1 5 847 846 848 706 705 
1 4 2945 702 711 709 
1 2 2945 705 
1 3 2945 2941 3018 
1 3 2942 2941 3018 
1 3 3018 2933 2315 
1 5 3018 2315 2317 32 35 
1 3 3018 2941 2942 
1 3 3018 2941 2945 
1 5 2930 2932 1236 1232 1238 
1 4 2930 2316 2933 2315 
1 2 3379 3377 
1 2 3377 3379 
1 3 3377 2319 2315 
1 2 2195 2194 
1 2 2194 2195 
1 5 2194 3103 3244 3249 3248 
1 3 3520 4725 4727 
1 4 3520 3522 3518 3245 
1 4 4727 4726 248 249 
1 3 4727 4725 3520 
1 2 4724 3245 
1 4 4724 3245 3249 3248 
1 4 249 248 4726 4727 
1 2 8780 3245 
1 2 8778 2292 
1 4 3248 3249 3245 4724 
1 5 3248 3249 3244 3251 2194 
1 4 3248 3247 3246 4806 
1 4 3245 3518 3522 3520 
1 2 3245 4724 
1 2 3245 8780 
1 3 2292 2291 4806 
1 2 2292 8778 
1 2 2291 4806 
1 2 2291 4806 
1 2 4806 2291 
1 2 4806 2624 
1 4 4806 3246 3247 3248 
1 3 4806 2291 2292 
1 2 4806 2291 
1 4 1058 4769 1059 3101 
1 5 1058 4806 831 4806 2624 
1 2 3101 2975 
1 4 3101 1059 4769 1058 
1 2 2975 3101 
1 3 2315 2933 3018 
1 4 2315 2933 2316 2930 
1 3 2315 2319 3377 
1 4 2315 2317 32 35 
1 5 35 32 2317 2315 3018 
1 4 35 32 2317 2315 
1 3 35 2868 2860 
1 3 2860 2868 35 
1 9 4890 4897 4983 4970 4975 4980 4974 4743 4907 
1 4 4890 4897 4983 4970 
1 5 396 2164 2156 2158 2167 
1 3 2920 2925 2379 
1 3 2920 508 507 
1 5 2167 2158 2156 2164 396 
1 3 2167 2160 2379 
1 4 512 506 3829 3825 
1 3 507 508 2920 
1 4 507 514 3826 3831 
1 9 507 513 516 515 383 387 3761 3758 3760 
1 3 2379 2376 2167 
1 3 2379 2925 2920 
1 4 387 389 381 385 
1 2 387 3761 
1 4 385 381 389 387 
1 2 3761 387 
1 3 3761 3759 3760 
1 9 3760 3758 3761 387 383 515 516 513 507 
1 4 3760 3758 3922 1142 
1 3 3760 3759 3761 
1 3 1142 3919 3909 
1 2 1142 1143 
1 4 1142 3922 3758 3760 
1 2 1143 1142 
1 3 3923 4161 4162 
1 2 3923 4161 
1 4 3909 3920 193 194 
1 3 3909 3919 1142 
1 4 819 3917 3934 4161 
1 12 4768 4770 2983 2975 3101 1059 4769 1058 4806 831 4806 2624 
1 3 4162 4161 3923 
1 4 4161 3934 3917 819 
1 2 4161 3923 
1 4 4161 3923 3935 194 
1 5 2624 4806 831 4773 1058 
1 12 2624 4806 831 4773 1058 4769 1059 3101 2975 2983 4770 4768 
1 2 2624 4806 
1 4 194 193 3920 3909 
1 4 194 3935 3923 4161 
1 4 8554 8552 8553 8549 
1 6 8554 8550 8608 8609 8607 8590 
1 4 8549 8553 8550 8554 
1 5 8549 8553 8612 8608 8609 
1 3 8549 8576 8634 
1 2 8613 8609 
1 2 8609 8613 
1 5 8609 8608 8612 8553 8549 
1 4 8609 8608 8578 8575 
1 2 8576 8575 
1 4 8575 8578 8608 8609 
1 2 8575 8576 
1 2 8575 8633 
1 3 8634 8576 8549 
1 2 8633 8575 
1 2 8633 8628 
1 4 8633 8628 8637 8586 
1 2 8561 8564 
1 5 8561 8564 8562 8563 8637 
1 2 8564 8561 
1 2 8628 8633 
1 3 8628 8562 8637 
1 2 8622 8599 
1 6 8590 8607 8609 8608 8550 8554 
1 4 8596 8592 8594 8544 
1 3 8596 8595 8597 
1 3 8596 8595 8584 
1 2 8543 8544 
1 2 8544 8543 
1 4 8544 8594 8592 8596 
1 3 8597 8584 8572 
1 3 8597 8595 8596 
1 3 8584 8595 8596 
1 4 8584 8572 8571 8574 
1 2 8583 8566 
1 3 8572 8584 8597 
1 4 8574 8571 8572 8584 
1 3 8574 8573 8548 
1 3 8574 8583 8566 
1 2 8574 8565 
1 3 8548 8573 8574 
1 2 8565 8574 
1 3 8565 8570 8555 
1 2 8566 8583 
1 3 8566 8583 8574 
1 2 8599 8622 
1 3 8637 8563 8637 
1 5 8637 8563 8562 8564 8561 
1 2 8637 8586 
1 3 8637 8562 8628 
1 3 8637 8563 8637 
1 4 8586 8637 8628 8633 
1 2 8586 8637 
1 3 8586 8536 8538 
1 5 8586 8536 8539 8535 8618 
1 3 8538 8536 8586 
1 4 8538 8540 8618 8621 
1 3 8536 8539 8605 
1 3 8555 8570 8565 
1 2 8555 8636 
1 5 8636 8555 8636 8635 8605 
1 2 8636 8555 
1 3 8636 8635 8605 
1 5 8605 8535 8619 8620 8604 
1 3 8605 8635 8636 
1 3 8605 8539 8536 
1 5 8605 8635 8636 8555 8636 
1 5 8618 8535 8539 8536 8586 
1 4 8621 8618 8540 8538 
1 2 8621 8546 
1 3 8546 8530 8531 
1 6 8546 8530 8533 8581 8582 8547 
1 2 8546 8621 
1 2 8602 8604 
1 5 8604 8620 8619 8535 8605 
1 2 8604 8602 
1 3 8604 8534 8531 
1 3 8531 8534 8604 
1 6 8531 8533 8581 8580 8616 8614 
1 3 8531 8530 8546 
1 3 8531 8529 8630 
1 3 8630 8629 8547 
1 3 8630 8529 8531 
1 2 8580 8581 
1 2 8581 8580 
1 3 8581 8580 8616 
1 3 8616 8580 8581 
1 2 8616 8614 
1 6 8614 8616 8580 8581 8533 8531 
1 2 8614 8616 
1 3 8614 8579 8547 
1 6 8547 8629 8630 8533 8530 8546 
1 3 8547 8629 8630 
1 3 8547 8579 8614 
1 4 3825 3829 506 512 
1 3 3825 3799 3804 
1 4 3825 3613 3621 3612 
1 4 3831 3826 514 507 
1 4 3831 3807 3802 3804 
1 4 3804 3802 3807 3831 
1 3 3804 3799 3825 
1 6 3804 3799 3825 3613 3621 3612 
1 11 4053 4056 4048 4057 3800 3806 1289 1293 1277 1270 1291 
1 3 4053 4047 2676 
1 10 3449 3458 1656 1647 1709 2272 2242 2264 2206 2238 
1 3 2676 4047 4053 
1 2 2676 2186 
1 2 2186 2676 
1 6 2186 2188 2179 2184 3600 3166 
1 7 4250 1530 4256 1492 3167 3161 133 
1 5 4250 1505 1532 1535 1507 
1 6 3166 3600 2184 2179 2188 2186 
1 4 3166 3165 3161 133 
1 13 3166 3165 3161 133 140 3596 613 614 615 608 139 129 1516 
1 7 134 139 608 615 612 617 3820 
1 5 134 139 611 615 612 
1 2 134 8807 
1 2 134 8807 
1 4 134 139 129 1516 
1 4 133 3161 3165 3166 
1 7 133 3161 3167 1492 4256 1530 4250 
1 4 3596 3601 616 614 
1 9 3596 140 130 136 1528 1537 1495 1521 1507 
1 3 612 617 3820 
1 4 612 617 609 614 
1 5 612 615 611 139 134 
1 4 614 616 3601 3596 
1 4 614 609 617 612 
1 9 1645 1629 1697 1678 1706 1635 1692 1660 152 
1 7 1645 1649 1705 1693 1683 624 629 
1 5 4522 4527 4540 5039 5031 
1 5 806 1596 1601 1604 1594 
1 4 806 3981 3996 3982 
1 7 2414 2427 83 3735 3731 3728 1948 
1 2 76 8768 
1 7 80 82 3061 3060 3059 3054 3052 
1 9 80 82 3061 3053 3065 3055 3064 2567 2559 
1 9 80 82 86 74 84 85 3432 1944 1943 
1 5 1943 1944 3432 3435 3433 
1 9 1943 1944 3432 85 84 74 86 82 80 
1 3 1943 295 297 
1 9 1943 295 297 294 1947 813 815 814 816 
1 7 1948 3728 3731 3735 83 2427 2414 
1 5 1948 1950 296 295 297 
1 3 1948 1947 813 
1 7 1948 1947 813 815 814 816 1340 
1 6 3433 3435 3432 1945 1943 295 
1 5 3433 3435 3432 1944 1943 
1 6 295 1943 1944 3432 3435 3433 
1 3 297 295 1943 
1 5 297 295 296 1950 1948 
1 2 297 8825 
1 2 297 8825 
1 6 3733 3727 1949 1942 1947 813 
1 2 4419 2470 
1 4 4419 4428 4423 238 
1 2 2470 4419 
1 4 238 4423 4428 4419 
1 7 238 237 4193 4183 4176 4192 4295 
1 5 4185 3835 4194 3837 4295 
1 4 3982 3996 3981 806 
1 4 3982 3991 3997 2274 
1 3 3833 3838 266 
1 4 3833 3834 3837 4295 
1 5 266 262 268 263 4577 
1 3 266 3838 3833 
1 4 4577 4579 2273 2727 
1 6 4577 4579 2727 2726 3366 3354 
1 5 4577 263 268 262 266 
1 3 2274 3997 3844 
1 4 2274 3997 3991 3982 
1 4 2274 2276 2278 2727 
1 4 2727 3355 626 629 
1 4 2727 2278 2276 2274 
1 4 2727 2273 4579 4577 
1 7 629 624 1683 1693 1705 1649 1645 
1 4 629 626 3355 2727 
1 6 3354 3366 2726 2727 4579 4577 
1 10 2238 2206 2264 2242 2272 1709 1647 1656 3458 3449 
1 14 2238 2262 2207 2271 2226 2268 2247 3356 3363 4580 4576 1461 1464 1462 
1 13 1516 129 139 608 615 614 613 3596 140 133 3161 3165 3166 
1 4 1516 129 139 134 
1 5 1516 1536 1504 1515 1147 
1 9 1507 1521 1495 1537 1528 136 130 140 3596 
1 5 1507 1535 1532 1505 4250 
1 10 3006 326 328 322 325 4485 4496 4497 4504 4493 
1 4 3006 326 328 322 
1 3 3006 1732 1737 
1 4 4493 4494 716 1262 
1 5 4493 715 713 43 46 
1 10 4493 4504 4497 4496 4485 325 322 328 326 3006 
1 3 1262 1259 1462 
1 4 1262 1457 1465 3131 
1 4 1262 716 4494 4493 
1 5 4295 3837 4194 3835 4185 
1 4 4295 3840 3834 3833 
1 7 4295 4192 4176 4183 4193 237 238 
1 5 4295 4192 4176 4179 4558 
1 5 4558 4179 4176 4192 4295 
1 8 4558 4572 4560 4298 4300 4297 3129 3131 
1 14 1462 1466 1461 4576 4580 3363 3356 2247 2268 2226 2271 2207 2262 2238 
1 3 1462 1259 1262 
1 3 837 2304 2300 
1 8 3131 3129 4297 4300 4298 4560 4572 4558 
1 4 3131 1465 1457 1262 
1 7 3131 1260 1263 843 2302 38 46 
1 3 2300 2304 837 
1 4 2300 2302 38 46 
1 7 46 38 2302 843 1263 1260 3131 
1 5 46 43 713 715 4493 
1 4 46 38 717 714 
1 4 46 38 2302 2300 
1 3 2636 2645 322 
1 3 322 2645 2636 
1 4 322 328 326 3006 
1 4 714 717 38 46 
1 4 3707 851 852 850 
1 4 850 852 851 3707 
1 3 813 1947 1948 
1 6 813 1947 1942 1949 3727 3733 
1 4 813 815 814 816 
1 5 813 815 814 816 1340 
1 9 816 814 815 813 1947 294 297 295 1943 
1 4 816 814 815 813 
1 2 816 1340 
1 6 816 1336 1330 1331 1339 1332 
1 2 8768 76 
1 3 8768 8765 8767 
1 3 8767 8765 8768 
1 2 8825 297 
1 2 8825 297 
1 4 5226 5227 6075 6077 
1 5 5255 5256 7443 7447 6846 
1 5 5255 5256 7443 7446 7444 
1 7 5255 5256 7443 7446 6700 7500 7498 
1 3 5255 5254 5688 
1 3 5305 7899 7900 
1 4 5305 5307 6965 6966 
1 3 5501 5503 7300 
1 4 5622 5619 6174 6173 
1 3 5688 5254 5255 
1 5 5688 5689 5690 7128 7129 
1 4 6077 6075 5227 5226 
1 2 6077 7491 
1 2 6147 7146 
1 5 6147 7146 7145 6257 6255 
1 4 6173 6174 5619 5622 
1 2 6173 7742 
1 4 6211 6214 6981 6980 
1 5 6255 6257 7145 7146 6147 
1 4 6255 6145 7376 7373 
1 5 6255 6256 6258 6982 6980 
1 6 6698 6699 7445 6983 6985 6980 
1 3 6698 6699 7444 
1 5 6698 6697 7500 7498 5507 
1 7 6846 5225 5226 5227 6075 6077 7491 
1 5 6846 7447 7443 5256 5255 
1 5 6864 6863 7182 7183 7181 
1 3 6864 6969 6966 
1 4 6864 7301 7299 7146 
1 4 6966 6965 5307 5305 
1 3 6966 6969 6864 
1 5 6980 6982 6258 6256 6255 
1 4 6980 6981 6214 6211 
1 6 6980 6985 6983 7445 6699 6698 
1 4 7094 5252 7092 7209 
1 2 7129 7209 
1 5 7129 7128 5690 5689 5688 
1 5 7129 7208 7742 5260 5259 
1 3 7129 7128 7911 
1 4 7146 7299 7301 6864 
1 3 7146 7147 7300 
1 4 7146 7147 7562 7565 
1 2 7146 6147 
1 4 7209 7092 7093 7094 
1 3 7209 7208 7742 
1 2 7209 7129 
1 3 7300 5503 5501 
1 3 7300 7147 7146 
1 3 7444 6699 6698 
1 5 7444 7446 7443 5256 5255 
1 3 7491 7492 7414 
1 2 7491 6077 
1 7 7491 6077 6075 5227 5226 5225 6846 
1 2 7498 5507 
1 7 7498 7500 6700 7446 7443 5256 5255 
1 4 7565 7562 7147 7146 
1 2 7742 6173 
1 2 7742 6262 
1 3 7742 7208 7209 
1 6 7742 6262 6264 5262 5263 6744 
1 3 7900 7899 5305 
1 8 7841 6970 6971 6972 6623 6753 6756 6754 
1 3 7841 6970 6971 
1 5 7055 7054 7056 6116 6502 
1 3 6122 6118 6659 
1 3 6122 7677 7678 
1 2 6122 7709 
1 3 6971 6972 6623 
1 3 6971 6970 7841 
1 4 6623 6753 6756 6754 
1 3 6623 6972 6971 
1 2 6754 5345 
1 4 6754 6756 6753 6623 
1 8 6754 6756 6753 6623 6972 6971 6970 7841 
1 3 7378 6627 6628 
1 3 7378 7379 5345 
1 4 6628 6510 6511 6516 
1 3 6628 6627 7378 
1 2 6516 6062 
1 4 6516 6511 6510 6628 
1 3 7137 7139 7640 
1 3 7137 7134 6062 
1 3 6026 5997 7640 
1 3 6062 7134 7137 
1 3 6062 6063 7031 
1 2 6062 6516 
1 5 5753 5756 6923 6924 7791 
1 2 6922 6876 
1 5 7791 6924 6923 5756 5753 
1 2 7791 7765 
1 3 7791 6878 6876 
1 3 7801 7800 7799 
1 2 7007 6876 
1 3 6876 6878 7791 
1 2 6876 6922 
1 2 6876 7007 
1 4 6876 7007 7005 6904 
1 4 6904 7005 7007 6876 
1 3 6904 6903 5164 
1 2 5562 8047 
1 2 8047 5562 
1 3 8047 7799 8058 
1 3 7799 7800 7801 
1 2 7799 8058 
1 3 7799 8047 6309 
1 2 8058 7799 
1 3 8058 7799 8047 
1 3 8058 8057 5822 
1 3 5822 8057 8058 
1 2 5822 6274 
1 4 5822 6274 6273 6387 
1 5 6568 6569 5593 6495 6493 
1 4 5443 5436 7753 7755 
1 4 7755 7753 5436 5443 
1 5 7755 7752 6646 6643 7414 
1 3 6467 6821 6823 
1 4 6467 6468 5987 5986 
1 3 7678 7677 6122 
1 4 7894 7893 7896 7040 
1 3 7894 7895 6659 
1 3 7040 5824 5825 
1 4 7040 7896 7893 7894 
1 3 5345 7379 7378 
1 2 5345 6754 
1 3 5825 7377 5646 
1 3 5825 5824 7040 
1 4 5646 6704 6703 6704 
1 3 5646 7377 5825 
1 4 6704 6703 6704 5646 
1 4 7333 7332 6385 6387 
1 4 7333 7332 5233 5232 
1 4 6387 6275 5995 5996 
1 4 6387 6273 6274 5822 
1 4 6387 6385 7332 7333 
1 3 7640 5997 6026 
1 3 7640 7139 7137 
1 2 5996 7967 
1 4 5996 5995 6275 6387 
1 3 7031 6063 6062 
1 3 5164 6903 6904 
1 3 5164 5165 7967 
1 3 7967 5165 5164 
1 2 7967 5996 
1 2 6274 5822 
1 4 5232 5233 7332 7333 
1 3 5232 5229 5593 
1 3 5593 5229 5232 
1 2 5593 6602 
1 2 5593 6093 
1 5 6493 6495 5593 6569 6568 
1 3 6493 6494 6093 
1 3 6823 6822 6666 
1 3 6823 6821 6467 
1 3 6659 7895 7894 
1 3 6659 6118 6122 
1 3 6666 6092 6093 
1 3 6666 6822 6823 
1 2 6093 5593 
1 3 6093 6494 6493 
1 3 6093 6092 6666 
1 2 6602 5593 
1 7 6416 6414 5330 5514 5516 6415 5748 
1 3 6416 6413 5833 
1 8 6416 6413 5833 5832 5509 5511 6618 6620 
1 3 5833 6413 6416 
1 3 5833 5834 5512 
1 4 7891 5513 5509 5512 
1 5 7891 7889 6714 7889 6714 
1 8 7891 5513 5509 5512 6619 6617 6618 6620 
1 7 5748 6415 5516 5514 5330 6414 6416 
1 5 6502 6116 7056 7054 7055 
1 6 6502 6503 6506 7710 7707 5515 
1 2 7709 6122 
1 5 7709 7675 7708 7707 5515 
1 5 5515 7707 7708 7675 7709 
1 3 5515 6539 6536 
1 6 5515 7707 7710 6506 6503 6502 
1 5 5515 6539 6537 5063 5060 
1 3 5515 5331 5330 
1 5 5060 5063 6537 6539 5515 
1 5 7414 6643 6646 7752 7755 
1 4 7414 7412 6643 6644 
1 3 7414 7492 7491 
1 2 6644 5986 
1 4 6644 6643 7412 7414 
1 4 5986 5987 6468 6467 
1 2 5986 6644 
1 3 6536 6539 5515 
1 2 7636 6262 
1 4 5578 7637 7636 6262 
1 3 5330 5331 5515 
1 5 5330 5329 7267 7268 7586 
1 2 6262 7636 
1 4 6262 7636 7637 5578 
1 2 6262 7742 
1 4 5391 5385 5390 6744 
1 4 7266 7267 7268 7586 
1 5 7586 7268 7267 5329 5330 
1 4 7586 7268 7267 7266 
1 4 7586 7265 5834 5512 
1 4 5512 5834 7265 7586 
1 3 5512 5834 5833 
1 4 5512 5509 5513 7891 
1 6 6744 5263 5262 6264 6262 7742 
1 4 6744 5390 5385 5391 
1 6 6744 5263 5262 6264 5260 5259 
1 4 6744 5258 7976 7975 
1 8 6620 6618 5511 5509 5832 5833 6413 6416 
1 8 6620 6618 6617 6619 5512 5509 5513 7891 
1 5 5259 5260 7742 7208 7129 
1 6 5259 5260 6264 5262 5263 6744 
1 3 5259 7128 7911 
1 4 5259 7128 7911 7187 
1 3 7421 5085 5084 
1 3 7421 5084 7897 
1 3 7421 7059 7596 
1 2 7421 7059 
1 2 7421 7162 
1 5 7162 7421 5084 7421 5084 
1 2 7162 7421 
1 5 7162 7160 7327 7329 6663 
1 4 7326 5708 5704 8012 
1 3 7326 6662 7525 
1 3 6663 5556 5558 
1 5 6663 7329 7327 7160 7162 
1 5 6663 5556 5560 7571 7574 
1 4 6663 5469 5466 5467 
1 4 6663 6665 6662 7525 
1 4 7525 7526 6665 6663 
1 3 7525 6662 7326 
1 6 7525 7527 7525 7526 7133 7130 
1 5 7525 7532 7528 5703 5188 
1 4 6393 6390 6781 6856 
1 3 7181 6861 6856 
1 5 7181 7183 7182 6863 6864 
1 3 6856 6781 6782 
1 4 6856 6781 6390 6393 
1 3 6856 6861 7181 
1 4 6782 6784 7905 7907 
1 3 6782 6781 6856 
1 3 7907 7908 5188 
1 4 7907 7905 6784 6782 
1 4 5704 5706 5707 5188 
1 4 5188 5707 5706 5704 
1 5 5188 5703 7528 7532 7525 
1 3 5188 7908 7907 
1 4 5054 5053 6521 6518 
1 4 5054 5055 5051 6298 
1 2 5068 6895 
1 3 5068 8016 8017 
1 7 5131 7347 7346 7349 6236 6232 6241 
1 6 5131 7348 6191 6188 6196 6189 
1 2 5131 7347 
1 2 5183 7420 
1 2 5181 7419 
1 3 5213 5214 5994 
1 2 5213 7383 
1 5 5221 5217 5220 7670 7669 
1 5 5249 5247 8015 8022 8017 
1 2 5249 5701 
1 3 5249 5701 7453 
1 4 5280 5286 6898 6895 
1 3 5361 5362 6384 
1 2 5361 6879 
1 4 5384 5383 5382 7669 
1 3 5384 7932 7797 
1 4 5418 5420 7009 7010 
1 4 5418 5419 7452 7453 
1 2 5418 7096 
1 5 5447 5450 6096 6097 6094 
1 4 5456 5459 6300 6298 
1 4 5540 5542 5537 6518 
1 3 5654 6552 6553 
1 2 5654 7951 
1 3 5654 7951 5850 
1 3 5654 6382 6648 
1 3 5656 6090 6087 
1 3 5677 5679 6723 
1 8 5677 5679 6723 5861 5860 5863 5848 5847 
1 2 5679 7419 
1 2 5679 6723 
1 4 5679 6723 5861 5860 
1 3 5701 7453 7303 
1 2 5701 5249 
1 4 5804 5801 6195 6190 
1 4 5827 7063 7068 7064 
1 5 5827 5831 6251 6249 6655 
1 4 5827 5826 5727 5726 
1 8 5847 5848 5863 5860 5861 6723 5679 5677 
1 5 5847 5850 7950 7652 7650 
1 3 5850 7951 5654 
1 4 5850 5846 7652 7651 
1 4 5860 5861 6723 5679 
1 4 5864 5860 5861 6723 
1 3 5864 5859 7951 
1 3 5867 6019 6020 
1 3 5867 5870 6144 
1 4 5875 5930 5876 6094 
1 4 5875 5877 6252 6250 
1 7 5875 5877 6332 6333 6655 5301 5303 
1 3 5917 7359 7361 
1 5 5917 5918 5921 5916 7818 
1 5 5931 5925 6200 6198 5686 
1 3 5976 5979 7928 
1 3 5976 7670 7669 
1 2 5994 7394 
1 3 5994 5214 5213 
1 2 6020 7335 
1 5 6020 6022 7939 7938 7806 
1 2 6020 7335 
1 3 6020 6019 5867 
1 4 6087 6090 6780 6879 
1 5 6087 6091 6086 7316 7315 
1 3 6087 6090 6780 
1 3 6087 6090 5656 
1 5 6094 6097 6096 5450 5447 
1 4 6094 5876 5930 5875 
1 3 6144 5870 5867 
1 3 6144 6726 6720 
1 3 6144 7600 7601 
1 6 6189 6196 6188 6191 7348 5131 
1 4 6190 6195 5801 5804 
1 3 6190 6194 7361 
1 6 6241 6235 7876 7869 7877 7882 
1 7 6241 6232 6236 7349 7346 7347 5131 
1 3 6241 6235 6238 
1 3 6238 6235 6241 
1 3 6238 6231 7193 
1 3 6290 8019 8017 
1 4 6298 5051 5055 5054 
1 4 6298 6300 5459 5456 
1 3 6298 6297 6813 
1 3 6329 6332 6250 
1 4 6329 6332 6333 6655 
1 8 6329 6335 6328 7043 7044 7761 7760 5912 
1 3 6384 6814 6813 
1 3 6384 5362 5361 
1 4 6435 7095 7097 7096 
1 3 6435 6433 7669 
1 3 6489 6488 7712 
1 4 6489 6491 6490 7126 
1 4 6518 5537 5542 5540 
1 4 6518 6521 5053 5054 
1 3 6553 6552 5654 
1 3 6648 6382 5654 
1 2 6648 7651 
1 4 6648 6649 5361 6879 
1 3 6721 6722 7420 
1 3 6720 6722 7420 
1 3 6720 6726 6144 
1 2 6723 5679 
1 2 6723 6725 
1 3 6723 5679 5677 
1 4 6723 5861 5860 5864 
1 2 6725 7601 
1 2 6725 6723 
1 3 6740 7864 7861 
1 4 6740 7487 7486 7481 
1 4 6740 6739 7643 7645 
1 2 6780 6879 
1 3 6780 6090 6087 
1 3 6813 6297 6298 
1 3 6813 6814 6384 
1 2 6879 5361 
1 4 6879 5361 6649 6648 
1 2 6879 6780 
1 4 6879 6780 6090 6087 
1 4 6895 6898 5286 5280 
1 2 6895 5068 
1 5 7010 7575 7579 7581 7576 
1 4 7010 7009 5420 5418 
1 2 7096 5418 
1 3 7096 7644 7645 
1 4 7096 7097 7095 6435 
1 2 7115 7116 
1 6 7116 7110 7114 7111 7880 7873 
1 2 7116 7115 
1 3 7116 7109 7335 
1 4 7126 6490 6488 6489 
1 4 7126 7123 7693 7694 
1 3 7193 6231 6238 
1 4 7193 7189 7194 7383 
1 3 7303 7453 5701 
1 2 7335 6020 
1 3 7335 7109 7116 
1 2 7335 6020 
1 2 7347 5131 
1 3 7347 7346 7394 
1 5 7361 6314 6316 6323 6315 
1 3 7361 6194 6190 
1 3 7361 7359 5917 
1 4 7383 7194 7189 7193 
1 2 7383 5213 
1 3 7383 7583 7576 
1 3 7394 7346 7347 
1 2 7394 5994 
1 2 7420 5183 
1 3 7420 6722 6721 
1 3 7420 6722 6720 
1 2 7419 5181 
1 2 7419 5679 
1 3 7453 5701 5249 
1 4 7453 7452 5419 5418 
1 3 7576 7583 7383 
1 5 7576 7581 7579 7575 7010 
1 3 7601 7600 6144 
1 2 7601 6725 
1 4 7645 7643 6739 6740 
1 3 7645 7644 7096 
1 5 7650 7652 7950 5850 5847 
1 4 7651 7652 5846 5850 
1 2 7651 6648 
1 4 7651 7654 7650 8790 
1 5 7669 7670 5220 5217 5221 
1 3 7669 7670 5976 
1 3 7669 6433 6435 
1 4 7669 5382 5383 5384 
1 4 7694 7693 7123 7126 
1 5 7694 7693 5657 7693 7064 
1 3 7712 6488 6489 
1 3 7806 7936 7941 
1 5 7806 7938 7939 6022 6020 
1 5 7818 5916 5921 5918 5917 
1 3 7818 7817 7861 
1 3 7861 7817 7818 
1 3 7861 7864 6740 
1 6 7882 7877 7869 7876 6235 6241 
1 6 7873 7880 7111 7114 7110 7116 
1 3 7928 5979 5976 
1 3 7941 7936 7806 
1 3 7951 5859 5864 
1 2 7951 5654 
1 3 8017 8016 5068 
1 3 8017 8019 6290 
1 5 8017 8022 8015 5247 5249 
1 2 8802 8803 
1 2 8802 8803 
1 2 8802 8803 
1 2 8803 8802 
1 2 8803 8802 
1 2 8803 8802 
1 2 8791 8790 
1 4 8790 7650 7654 7651 
1 2 8790 8791 
1 5 7064 7693 5657 7693 7694 
1 4 7064 7062 7063 5827 
1 4 6250 6252 5877 5875 
1 3 6250 6332 6329 
1 7 5303 5301 6655 6333 6332 5877 5875 
1 3 5303 5301 6655 
1 4 5303 5302 5723 5726 
1 7 5303 5300 5826 5727 5726 5721 6352 
1 3 7761 7044 7042 
1 7 7761 7763 6349 7763 7758 6351 6352 
1 3 7761 7760 5912 
1 8 5912 7760 7761 7044 7043 6328 6335 6329 
1 3 5912 7760 7761 
1 2 5912 6936 
1 3 7042 7078 7077 
1 9 7042 7078 7069 7077 7074 7073 5808 5816 5812 
1 3 7042 7044 7761 
1 2 6936 5912 
1 5 6655 6249 6251 5831 5827 
1 4 6655 6333 6332 6329 
1 3 6655 5301 5303 
1 3 7077 7078 7042 
1 6 7077 7069 7046 7045 5773 6421 
1 5 5774 5813 5808 5816 5812 
1 6 5774 7075 7069 7046 5773 6421 
1 3 5812 7703 7698 
1 9 5812 5816 5808 7073 7074 7077 7069 7078 7042 
1 5 5812 5816 5808 5813 5774 
1 8 5399 6346 7697 7701 7702 7698 6199 5686 
1 11 5392 5416 5402 5413 5401 5408 5395 7697 6344 6346 6336 
1 3 5392 5409 6141 
1 2 5392 6938 
1 2 6199 5686 
1 5 5686 6198 6200 5925 5931 
1 2 5686 6199 
1 8 5686 6199 7698 7702 7701 7697 6346 5399 
1 4 7698 7702 7706 5238 
1 3 7698 7703 5812 
1 6 6336 5415 5410 5415 6343 7273 
1 11 6336 6346 6344 7697 5395 5408 5401 5413 5402 5416 5392 
1 5 5238 5235 5236 7793 7797 
1 4 5238 7706 7702 7698 
1 6 7273 6336 5415 5410 5415 6336 
1 6 7517 7518 7519 7512 7772 7775 
1 3 7517 8759 8758 
1 3 7512 7772 7775 
1 2 7512 7772 
1 6 7512 7519 7518 7510 7520 5742 
1 6 5742 7520 7510 7518 7519 7512 
1 2 6825 5486 
1 4 6825 7775 7773 5170 
1 2 6825 7775 
1 2 7775 6825 
1 3 7775 7772 7512 
1 6 7775 7772 7512 7519 7518 7517 
1 2 7772 7512 
1 2 5487 5486 
1 2 5486 5487 
1 2 5486 6825 
1 2 5486 8758 
1 2 5992 5991 
1 2 5991 5992 
1 2 5991 7459 
1 4 7717 7720 7718 7459 
1 5 6397 6404 5635 5637 5171 
1 5 6402 6400 5314 5318 6881 
1 2 5637 5171 
1 5 5637 5639 5642 6947 6942 
1 2 5637 5639 
1 2 5639 5637 
1 4 5171 5643 5638 6084 
1 5 5171 5637 5635 6404 6397 
1 2 5171 5637 
1 2 6635 6634 
1 2 6634 6635 
1 3 6634 6636 6084 
1 3 5277 5278 6083 
1 3 5277 5276 6084 
1 2 8777 8775 
1 2 8775 8777 
1 4 6943 6411 6408 6409 
1 5 6942 6947 5642 5639 5637 
1 3 6942 6945 6851 
1 3 6083 5278 5277 
1 3 6084 5276 5277 
1 3 6084 6636 6634 
1 4 6084 5638 5643 5171 
1 4 6409 6408 6411 6943 
1 2 6409 6408 
1 4 6408 6409 7783 7786 
1 2 6408 6409 
1 3 6408 6410 6609 
1 3 6851 6945 6942 
1 2 6851 6609 
1 3 6851 6853 5315 
1 4 6246 6247 5564 6465 
1 3 6246 6247 8100 
1 2 6246 7786 
1 2 6465 5564 
1 2 6465 5564 
1 4 6465 5564 6247 6246 
1 2 5565 8099 
1 2 5565 5564 
1 2 5564 5565 
1 2 5564 6465 
1 2 5564 6465 
1 2 6323 6315 
1 2 6315 6323 
1 5 6315 6323 6316 6314 7361 
1 2 8099 5565 
1 3 8100 6247 6246 
1 3 7466 7464 5714 
1 2 7783 7786 
1 2 7786 6246 
1 2 7786 7783 
1 4 7786 7783 6409 6408 
1 3 6609 6410 6408 
1 2 6609 6851 
1 4 7481 7486 7487 6740 
1 3 5714 7464 7466 
1 3 5714 5713 7631 
1 3 7631 5713 5714 
1 5 7631 7630 8042 5430 7748 
1 3 8043 8045 5431 
1 5 7748 5430 8042 7630 7631 
1 3 7748 5430 5431 
1 4 7748 7750 7747 6023 
1 3 5431 8045 8043 
1 3 5431 5430 7748 
1 3 5315 6853 6851 
1 4 5315 5314 5318 6881 
1 4 6881 5318 5314 5315 
1 5 6881 5318 5314 6400 6402 
1 4 6881 6886 6880 6475 
1 3 7626 7718 7459 
1 3 7626 7622 5170 
1 3 6293 6476 6475 
1 4 6293 6476 6472 6067 
1 3 5170 7622 7626 
1 4 5170 7773 7775 6825 
1 4 7459 7718 7720 7717 
1 2 7459 5991 
1 3 7459 7718 7626 
1 4 6475 6880 6886 6881 
1 3 6475 6476 6293 
1 4 6023 7747 7750 7748 
1 4 6023 6024 6068 6067 
1 3 7797 7932 5384 
1 5 7797 7793 5236 5235 5238 
1 4 6067 6068 6024 6023 
1 4 6067 6472 6476 6293 
1 4 6067 6065 7696 7987 
1 4 7987 7696 6065 6067 
1 2 7987 7696 
1 2 7696 7987 
1 2 8758 5486 
1 3 8758 8759 7517 
1 2 8762 8763 
1 2 8763 8762 
1 5 67 1371 1373 1368 3216 
1 3 67 3219 3220 
1 2 269 4224 
1 2 269 3236 
1 3 439 438 1887 
1 5 439 1439 1441 1562 1564 
1 3 692 683 2281 
1 4 785 786 3217 3220 
1 3 785 784 4364 
1 4 991 992 2282 2281 
1 4 991 992 1002 2008 
1 2 1117 1790 
1 3 1120 2477 2480 
1 2 1120 2835 
1 4 1120 1118 1790 1266 
1 4 1266 1790 1118 1120 
1 3 1266 1789 1790 
1 3 1266 1563 1564 
1 2 1342 4263 
1 4 1342 1343 4462 4461 
1 4 1342 4263 4262 3148 
1 3 1367 1370 3216 
1 5 1564 1563 1886 438 439 
1 4 1564 1562 1886 1887 
1 3 1564 1563 1266 
1 3 1737 1732 3006 
1 11 1737 1718 1746 1730 3138 3137 3139 3132 1963 1962 1961 
1 2 1790 1117 
1 3 1790 1789 1266 
1 3 1887 438 439 
1 2 1887 3423 
1 4 1887 1886 1562 1564 
1 3 1990 1997 3148 
1 4 1990 1994 4932 4933 
1 4 2008 1002 992 991 
1 4 2008 2009 3217 3220 
1 3 2281 683 692 
1 4 2281 2282 992 991 
1 3 2284 3238 3236 
1 3 2284 2283 3216 
1 3 2480 2477 1120 
1 5 2480 2483 1374 2836 4608 
1 4 2836 1374 1379 1376 
1 2 2835 1120 
1 3 2835 2837 4608 
1 3 3216 2283 2284 
1 3 3216 1370 1367 
1 5 3216 1368 1373 1371 67 
1 3 3220 3219 67 
1 4 3220 3217 2009 2008 
1 4 3220 3217 786 785 
1 2 3236 269 
1 3 3236 3238 2284 
1 4 3276 3273 3797 4233 
1 3 3423 441 4364 
1 2 3423 1887 
1 2 3797 4233 
1 4 4090 4089 4463 4461 
1 2 4233 3797 
1 4 4233 3797 3273 3276 
1 6 4233 3797 3273 2482 4232 4364 
1 3 4364 784 785 
1 6 4364 4232 2482 3273 3797 4233 
1 3 4364 441 3423 
1 3 4461 4463 4164 
1 4 4461 4463 4089 4090 
1 4 4461 4462 1343 1342 
1 5 4608 2836 1374 2483 2480 
1 3 4608 2837 2835 
1 4 4608 2836 4303 4301 
1 2 8753 8755 
1 2 8755 8753 
1 2 8755 8754 
1 2 8754 8755 
1 2 8754 8756 
1 2 8756 8754 
1 2 8818 1434 
1 2 8818 1434 
1 4 1376 1384 1382 1831 
1 4 1376 1379 1374 2836 
1 4 1095 4935 4940 4933 
1 2 1095 962 
1 3 1452 911 3188 
1 5 1452 1450 3187 2634 2626 
1 3 1452 1448 4359 
1 3 913 918 3188 
1 5 3188 3189 226 229 2775 
1 3 3188 918 913 
1 3 3188 911 1452 
1 5 2626 2634 3187 1450 1452 
1 3 889 1909 1912 
1 4 448 4705 4702 4707 
1 3 448 453 1912 
1 4 4707 4703 2857 2856 
1 4 4707 4702 4705 448 
1 3 4342 2346 4807 
1 4 4342 3255 3257 3254 
1 5 4342 4343 19 17 16 
1 8 4342 4343 4345 4340 1930 1933 1929 3702 
1 6 1479 1480 1478 1475 351 3580 
1 5 1479 1476 1933 1930 1932 
1 9 1479 1480 1477 2091 2092 2106 2096 2090 2108 
1 8 557 563 555 4619 4622 4629 1140 1133 
1 3 557 4626 4615 
1 3 557 1590 1589 
1 5 2384 1592 1589 1560 1559 
1 3 2384 1592 1589 
1 6 2384 2385 2383 1592 4291 3314 
1 4 3314 4291 1556 1559 
1 2 3314 4291 
1 2 3314 4291 
1 6 3314 4291 3313 2383 2385 2384 
1 2 4291 4098 
1 2 4291 3314 
1 3 4291 4098 4097 
1 2 4291 3314 
1 5 1557 1084 1088 1080 1086 
1 2 1557 533 
1 5 1559 4625 1558 1557 532 
1 4 1559 1556 4291 3314 
1 5 1559 1560 1589 1592 2384 
1 2 533 1557 
1 2 533 532 
1 2 532 533 
1 5 532 1557 1558 4625 1559 
1 3 1589 1590 557 
1 3 1589 1592 2384 
1 5 4618 4624 1085 1081 1082 
1 5 4618 4624 1085 4616 1086 
1 3 4615 4626 557 
1 5 1082 1081 1085 4624 4618 
1 5 1086 4616 1085 4624 4618 
1 5 1086 1080 1088 1084 1557 
1 8 1134 1137 1151 1162 1158 1163 1150 1156 
1 4 1134 1138 1139 1133 
1 4 1133 1139 1138 1134 
1 8 1133 1140 4629 4622 4619 555 563 557 
1 5 1147 1515 1504 1536 1516 
1 6 1147 1135 1158 1163 1150 1156 
1 6 1156 1150 1163 1158 1135 1147 
1 8 1156 1150 1163 1158 1162 1151 1137 1134 
1 4 1196 1210 763 757 
1 6 3580 351 1475 1478 1480 1479 
1 3 2202 4093 4092 
1 3 4092 4093 2202 
1 2 4092 3254 
1 2 2347 347 
1 2 2347 4807 
1 2 347 2347 
1 2 4807 2347 
1 3 4807 2346 4342 
1 3 2856 1256 1250 
1 4 2856 2857 4703 4707 
1 2 2957 2820 
1 2 3254 4092 
1 4 3254 3257 3255 4342 
1 3 1250 1252 4906 
1 3 1250 1256 2856 
1 3 2203 762 757 
1 2 2203 4906 
1 2 4906 2203 
1 3 4906 1252 1250 
1 5 757 767 2823 2822 2820 
1 4 757 763 1210 1196 
1 3 757 762 2203 
1 2 2820 2957 
1 5 2820 2822 2823 767 757 
1 6 2702 2718 3231 3233 229 2775 
1 3 630 634 3230 
1 3 3230 634 630 
1 5 3230 3232 3233 229 2775 
1 3 228 867 871 
1 2 228 1926 
1 5 2775 229 3233 3232 3230 
1 6 2775 229 3233 3231 2718 2702 
1 5 2775 229 226 3189 3188 
1 3 871 867 228 
1 2 3136 4954 
1 4 3136 1963 1962 1961 
1 11 1961 1962 1963 3132 3139 3137 3138 1730 1746 1718 1737 
1 4 1961 1962 1963 3136 
1 3 1961 1965 4545 
1 3 4164 4165 4545 
1 3 4164 4463 4461 
1 3 4545 1965 1961 
1 3 4545 4165 4164 
1 3 4263 4544 4072 
1 2 4263 1342 
1 3 4072 4544 4263 
1 4 3148 4262 4263 1342 
1 3 3148 1997 1990 
1 2 1926 228 
1 5 1926 1925 4937 4932 4933 
1 5 4933 4932 4937 1925 1926 
1 4 4933 4932 1994 1990 
1 4 4933 4940 4935 1095 
1 3 4432 1095 962 
1 4 4432 4438 4435 4083 
1 2 962 1095 
1 3 962 1095 4432 
1 4 4083 4435 4438 4432 
1 3 4083 4087 2536 
1 3 2536 4087 4083 
1 2 2536 4542 
1 2 4542 2536 
1 4 4542 1384 1382 1831 
1 4 1831 1833 1384 1376 
1 4 1831 1833 1384 4542 
1 2 1831 4304 
1 4 1831 4292 3842 3841 
1 4 4301 2839 4303 4304 
1 4 4301 4303 2836 4608 
1 10 4301 4303 4301 4304 4302 4292 3842 3843 1447 1446 
1 2 4304 1831 
1 4 4304 4303 2839 4301 
1 4 3841 3842 4292 1831 
1 2 3842 4292 
1 2 3842 1983 
1 4 259 2114 2113 2111 
1 3 259 261 4292 
1 3 4292 261 259 
1 2 4292 3842 
1 3 4359 1448 1452 
1 2 4359 3811 
1 4 4509 3812 3811 989 
1 2 4509 3260 
1 3 1912 453 448 
1 3 1912 1909 889 
1 5 1912 1908 14 10 3 
1 9 2108 2090 2096 2106 2092 2091 1477 1480 1479 
1 8 3702 1929 1933 1930 4340 4345 4343 4342 
1 5 3702 1929 1932 21 16 
1 5 1932 1930 1933 1476 1479 
1 2 1932 16 
1 5 16 17 19 4343 4342 
1 2 16 1932 
1 5 16 21 1932 1929 3702 
1 2 3811 4359 
1 2 3811 989 
1 2 989 3811 
1 4 989 3811 3812 4509 
1 3 2111 2112 3260 
1 4 2111 2112 1013 1016 
1 4 2111 2113 2114 259 
1 2 3260 4509 
1 3 3260 2112 2111 
1 10 1446 1447 3843 3842 4292 4302 4304 4301 4303 4301 
1 2 1446 1447 
1 5 1446 1447 1981 2351 2350 
1 2 1447 1983 
1 2 1447 1446 
1 2 1983 3842 
1 2 1983 1447 
1 4 2516 2546 4574 4575 
1 2 2516 2548 
1 3 4575 2140 2141 
1 4 4575 4392 4393 4394 
1 4 4575 4574 2546 2516 
1 3 2141 1012 4575 
1 4 1016 1013 2112 2111 
1 4 338 342 337 3882 
1 7 3880 3335 3079 3082 3081 2544 2548 
1 5 3880 3335 3336 4554 2349 
1 3 3880 3335 2774 
1 4 3880 8717 8719 8716 
1 2 3336 4554 
1 3 3336 3337 3085 
1 2 4554 3336 
1 2 4554 2349 
1 2 4554 2350 
1 5 2350 2351 1981 1447 1446 
1 2 2350 4554 
1 2 2349 4554 
1 5 2349 4554 3336 3335 3880 
1 4 3085 3080 2544 2548 
1 3 3085 3337 3336 
1 2 2548 2516 
1 4 2548 2544 3080 3085 
1 7 2548 2544 3080 3082 3079 3335 3880 
1 3 4394 3884 3882 
1 4 4394 1298 1300 1299 
1 4 4394 4393 4392 4575 
1 4 3882 337 342 338 
1 3 3882 1455 1454 
1 3 3882 3884 4394 
1 4 1299 1300 1298 4394 
1 4 1454 1 5 3 
1 3 1454 1455 3882 
1 5 3 10 14 1908 1912 
1 4 3 5 1 1454 
1 2 8807 134 
1 2 8807 134 
1 5 5087 7954 7953 7655 7656 
1 2 5087 7954 
1 4 5123 5118 5122 7211 
1 3 5123 5107 8071 
1 3 5130 8024 8025 
1 6 5130 8024 8025 8023 7000 6989 
1 2 5130 8712 
1 2 5130 8705 
1 2 5148 5149 
1 4 5149 5153 5972 5973 
1 2 5149 5148 
1 5 5149 5148 6327 6325 5915 
1 4 5196 8093 7979 7975 
1 3 5196 6104 6106 
1 2 5269 5270 
1 2 5269 6276 
1 2 5269 6498 
1 2 5270 5269 
1 3 5270 5269 6498 
1 4 5270 5269 6498 5612 
1 3 5311 5632 5675 
1 2 5311 7358 
1 4 5311 5310 7357 5973 
1 5 5311 7358 7356 7028 7027 
1 5 5323 5321 5326 5695 6527 
1 4 5323 5324 5328 7455 
1 4 5323 5324 7455 5683 
1 4 5453 5747 6496 6260 
1 3 5452 5454 8071 
1 3 5452 7535 7538 
1 4 5603 5601 5881 5882 
1 4 5603 5602 8037 8034 
1 4 5612 6498 5269 5270 
1 4 5608 5611 6105 6106 
1 3 5608 5612 6498 
1 4 5608 5612 5610 6848 
1 5 5632 5630 7224 7228 7226 
1 2 5632 5675 
1 4 5663 5661 6625 6626 
1 3 5663 5658 5663 
1 3 5663 5658 5663 
1 3 5663 5662 8025 
1 3 5675 6712 6714 
1 2 5675 5632 
1 3 5675 5632 5311 
1 4 5683 7455 5324 5323 
1 3 5683 5685 7455 
1 4 5683 5684 6656 5915 
1 3 5694 5695 6527 
1 2 5747 6496 
1 7 5747 5453 7537 5453 7539 5454 8071 
1 4 5769 5765 8035 8034 
1 6 5769 5767 7228 7224 7230 7226 
1 6 5792 5790 6819 5790 6819 6508 
1 3 5792 5790 6819 
1 3 5792 5788 6496 
1 2 5882 6556 
1 3 5882 6954 6959 
1 4 5882 5881 5601 5603 
1 5 5915 6325 6327 5148 5149 
1 3 5915 6325 6326 
1 3 5915 6656 6657 
1 4 5915 6656 5684 5683 
1 4 5973 7357 5310 5311 
1 4 5973 5972 5153 5149 
1 2 5973 6705 
1 2 6103 8079 
1 2 6103 7657 
1 3 6106 6104 5196 
1 3 6106 6102 8078 
1 4 6106 6105 5611 5608 
1 4 6260 6497 6260 7198 
1 2 6260 6496 
1 4 6260 5788 5793 5453 
1 5 6326 5152 5971 5973 6705 
1 3 6326 6325 5915 
1 2 6325 6657 
1 5 6367 6626 5660 7428 7429 
1 2 6367 6626 
1 3 6497 6932 6931 
1 4 6496 6497 6260 7198 
1 2 6496 6260 
1 4 6496 6497 6932 6930 
1 3 6496 5788 5792 
1 2 6496 5747 
1 3 6498 5269 5270 
1 2 6498 5269 
1 3 6498 5612 5608 
1 3 6527 5695 5694 
1 5 6527 5695 5326 5321 5323 
1 2 6556 5882 
1 3 6626 5660 7148 
1 2 6626 6367 
1 4 6626 6625 5661 5663 
1 2 6657 6325 
1 3 6657 6656 5915 
1 4 6705 5973 7357 7358 
1 2 6705 5973 
1 5 6705 5973 5971 5152 6326 
1 5 6714 7889 6714 7889 7891 
1 3 6714 6712 5675 
1 5 6771 6989 7000 6994 8025 
1 2 6771 6989 
1 4 6770 6995 6991 7003 
1 3 6770 6773 7354 
1 8 6847 6848 5607 5611 6105 6100 7656 7657 
1 2 6847 6848 
1 4 6848 5610 5612 5608 
1 2 6848 6847 
1 3 6869 6871 7588 
1 3 6871 6868 7148 
1 2 6930 6931 
1 4 6930 6932 6497 6496 
1 7 6930 6932 6260 5788 5793 5453 7537 
1 4 6931 7202 7308 7306 
1 2 6931 6930 
1 3 6931 6932 6497 
1 3 6959 6954 5882 
1 6 6989 7000 8023 8025 8024 5130 
1 2 6989 6771 
1 4 7003 6991 6995 6770 
1 5 7027 7028 7356 7358 5311 
1 3 7027 7028 7354 
1 2 7027 7028 
1 3 7028 7356 7358 
1 2 7028 7027 
1 3 7107 7106 7429 
1 4 7148 7428 7587 7588 
1 3 7148 6868 6871 
1 3 7148 5660 6626 
1 5 7148 5659 5663 5662 8024 
1 4 7211 5122 5118 5123 
1 6 7226 7230 7224 7228 5767 5769 
1 5 7226 7228 7224 5630 5632 
1 3 7354 6773 6770 
1 3 7354 7028 7027 
1 2 7358 5311 
1 3 7358 7356 7028 
1 4 7358 7357 5973 6705 
1 3 7429 7587 7588 
1 3 7429 7106 7107 
1 5 7429 7428 5660 6626 6367 
1 4 7456 8079 6103 7657 
1 7 7456 8079 6103 7657 7655 7953 7954 
1 4 7455 5328 5324 5323 
1 3 7455 5685 5683 
1 7 7537 5453 5747 6496 6497 6932 6930 
1 3 7538 7535 5452 
1 3 7538 7589 7588 
1 3 7588 7589 7538 
1 3 7588 6871 6869 
1 3 7588 7587 7429 
1 4 7588 6871 6868 7148 
1 2 7657 6103 
1 2 7657 7656 
1 4 7657 6103 8079 7456 
1 8 7657 7656 6100 6105 5611 5607 6848 6847 
1 2 7656 7657 
1 5 7656 7655 7953 7954 5087 
1 7 7954 7953 7655 7657 6103 8079 7456 
1 2 7954 5087 
1 5 8024 5662 5663 5659 7148 
1 3 8025 5662 5663 
1 3 8025 8024 5130 
1 5 8025 6994 7000 6989 6771 
1 4 8034 8037 5602 5603 
1 4 8034 8035 5765 5769 
1 7 8071 5454 7539 5453 7537 5453 5747 
1 3 8071 5107 5123 
1 3 8071 5454 5452 
1 2 8079 6103 
1 3 8078 6102 6106 
1 3 8088 8092 7975 
1 2 8705 5130 
1 3 8704 8707 8711 
1 3 8704 8705 8706 
1 3 8706 8703 8704 
1 2 8712 5130 
1 3 8711 8707 8704 
1 4 7975 7976 5258 6744 
1 3 7975 8092 8088 
1 4 7975 7979 8093 5196 
1 3 7911 7128 7129 
1 3 7911 7128 5259 
1 6 7911 7910 7186 5591 5272 6277 
1 2 8040 6486 
1 3 8040 8041 5738 
1 4 5357 6484 5737 5275 
1 2 6486 8040 
1 5 5095 5089 5096 5094 6155 
1 3 5095 5092 7665 
1 5 6155 5094 5096 5089 5095 
1 4 6775 5547 5664 5666 
1 2 6775 5547 
1 2 6775 5223 
1 3 6775 5545 7671 
1 4 6775 6774 7025 7024 
1 2 5223 6775 
1 3 5547 5664 5666 
1 2 5547 6532 
1 2 5547 6775 
1 3 7542 7541 7505 
1 4 7542 7546 5626 5624 
1 4 7542 7546 7121 7119 
1 4 7505 5523 5517 5717 
1 3 7505 7541 7542 
1 2 7468 7469 
1 3 7468 5522 5518 
1 3 7469 7610 7608 
1 2 7469 7468 
1 3 6013 6012 7724 
1 2 7058 7724 
1 5 7058 7724 6389 6651 6652 
1 2 7724 6389 
1 2 7724 7058 
1 3 7724 6012 6013 
1 3 5518 5522 7468 
1 4 5518 5521 5517 5717 
1 2 6532 7506 
1 2 6532 5547 
1 4 5717 5517 5521 5518 
1 4 5717 5517 5523 7505 
1 5 6652 6651 6389 7724 7058 
1 3 6653 6650 5177 
1 4 6653 6650 5177 8096 
1 2 6389 7724 
1 2 6389 6388 
1 2 6388 6389 
1 4 6388 7504 5628 5624 
1 2 5567 8096 
1 4 8096 5177 6650 6653 
1 2 8096 5567 
1 2 8096 5177 
1 3 5177 6650 6653 
1 2 5177 8096 
1 2 5172 6151 
1 4 5172 6281 7363 7362 
1 5 6152 6151 5172 6281 6282 
1 2 6151 5172 
1 3 6151 5172 6281 
1 3 8678 8686 8682 
1 3 8682 8686 8678 
1 2 8682 8694 
1 3 8691 8696 8694 
1 4 8691 8695 8697 8674 
1 2 8694 8682 
1 3 8694 8696 8691 
1 4 8674 8697 8695 8691 
1 2 8674 8702 
1 2 8674 8672 
1 2 8672 8674 
1 3 8672 8674 8702 
1 3 8702 8674 8672 
1 2 8702 8674 
1 4 5624 5628 7504 6388 
1 4 5624 5626 7546 7542 
1 3 6281 5172 6151 
1 4 6282 6064 7021 7022 
1 5 6282 6281 5172 5176 6152 
1 4 6282 6064 7363 7362 
1 5 6282 6064 6816 6815 7323 
1 4 7363 6064 7021 7022 
1 4 7363 6815 7323 7848 
1 4 7362 7363 6064 6282 
1 4 7362 7363 6281 5172 
1 3 7362 7363 6064 
1 2 7362 7323 
1 5 7323 6815 6816 6064 6282 
1 4 7323 7324 6815 6816 
1 2 7323 7362 
1 4 7323 7324 7845 7850 
1 4 7848 7323 6815 7363 
1 7 7848 8062 8060 5751 5750 8008 5204 
1 4 7850 7845 7324 7323 
1 3 7850 7846 5889 
1 3 7850 7848 8062 
1 3 8062 7848 7850 
1 2 8062 8061 
1 2 8061 8062 
1 4 8061 8060 5751 5750 
1 4 5750 5751 8060 8061 
1 2 5750 8008 
1 4 5750 8006 8010 7254 
1 5 5750 5749 8063 7255 7256 
1 4 5750 5749 8006 5778 
1 2 8008 5750 
1 2 8007 5202 
1 3 8007 5781 5778 
1 7 5204 8008 5750 5751 8060 8062 7848 
1 2 5202 8007 
1 4 5778 8006 5749 5750 
1 3 5778 5781 8007 
1 4 7254 8010 5749 5750 
1 5 7256 7255 8063 5749 5750 
1 6 7256 7155 7152 7150 7083 7381 
1 3 7256 7253 7214 
1 3 7256 7253 7325 
1 3 7214 7257 7256 
1 3 7214 7253 7598 
1 2 6142 7597 
1 2 6142 7325 
1 2 6142 7597 
1 3 7325 7253 7256 
1 2 7325 7598 
1 2 7325 6142 
1 2 7597 6142 
1 2 7597 6142 
1 3 7598 7253 7214 
1 4 7598 7156 7153 5083 
1 2 7598 7325 
1 4 5083 7153 7156 7598 
1 3 5083 7382 7381 
1 3 7151 7155 7152 
1 4 7152 7150 7083 7381 
1 3 7152 7155 7151 
1 3 7381 7084 7081 
1 4 7381 7083 7150 7152 
1 6 7381 7083 7150 7152 7155 7256 
1 4 7381 7084 7079 8094 
1 3 7381 7382 5083 
1 4 7085 5526 6458 6459 
1 4 7081 7087 6462 6459 
1 4 7081 7085 7082 8094 
1 3 7081 7084 7381 
1 4 8094 7079 7084 7381 
1 4 8094 7082 7085 7081 
1 4 8094 7082 5524 5561 
1 4 5561 5524 7082 8094 
1 3 5528 5525 5529 
1 2 5528 5180 
1 4 5529 5424 5426 6929 
1 3 5529 5525 5528 
1 2 5180 5179 
1 2 5180 5528 
1 3 5180 5179 6719 
1 4 5179 6927 5965 5981 
1 2 5179 5180 
1 4 6929 5963 5966 5964 
1 4 6929 5426 5422 5427 
1 4 6929 5426 5424 5529 
1 5 6929 6928 6927 5179 6719 
1 5 6719 5179 6927 6928 6929 
1 3 6719 5179 5180 
1 2 6719 8809 
1 2 6719 8809 
1 3 6719 5980 5983 
1 3 5983 5980 6719 
1 4 5981 5965 6927 5179 
1 2 6276 6277 
1 2 6276 5269 
1 6 6277 6280 5591 7186 7910 7911 
1 3 6277 6280 5590 
1 2 6277 6276 
1 4 7187 7911 7128 5259 
1 5 7187 7184 7977 5592 5590 
1 5 5590 5592 7977 7184 7187 
1 3 5590 6280 6277 
1 3 5738 8041 8040 
1 3 5738 5897 5895 
1 3 6565 7664 7665 
1 3 6565 5897 5895 
1 3 7665 5092 5095 
1 3 7665 7664 6565 
1 2 6362 5291 
1 4 6362 6361 6006 6010 
1 2 5291 6362 
1 5 7671 5545 5546 5665 5666 
1 3 7671 5545 6775 
1 4 7024 7025 6774 6775 
1 3 7024 6006 6010 
1 3 6974 6973 7022 
1 4 7119 7121 7546 7542 
1 4 7119 7122 6977 7022 
1 4 6816 7851 7324 7323 
1 4 7022 6977 7122 7119 
1 3 7022 6973 6974 
1 4 7022 7021 6064 6282 
1 4 7022 7021 6064 7363 
1 5 5889 5884 5893 6005 6010 
1 3 5889 7846 7850 
1 3 6064 7363 7362 
1 3 6010 6006 7024 
1 4 6010 6006 6361 6362 
1 5 6010 6005 5893 5884 5889 
1 4 6459 6462 7087 7081 
1 4 6459 6458 5526 7085 
1 5 5427 8054 8048 5896 5895 
1 4 5427 8054 8051 8052 
1 4 5427 5422 5426 6929 
1 4 8052 8051 8054 5427 
1 3 5895 5897 6565 
1 3 5895 5897 5738 
1 5 5895 5896 8048 8054 5427 
1 4 5275 5737 6484 5357 
1 3 5275 5273 5964 
1 3 5964 5273 5275 
1 4 5964 5966 5963 6929 
1 2 8809 6719 
1 2 8809 6719 
1 2 5614 7804 
1 2 5614 5613 
1 2 5613 5614 
1 2 5613 7804 
1 7 5613 6777 6776 6810 6808 7620 7613 
1 2 7804 5614 
1 2 7804 5613 
1 2 7804 6778 
1 3 6777 6776 6810 
1 2 6778 7804 
1 2 6778 5145 
1 6 6778 6779 6776 6809 6807 6808 
1 2 5146 7956 
1 5 5146 7956 6833 6961 6963 
1 2 5145 6778 
1 2 7956 5146 
1 2 7956 6830 
1 2 7956 6830 
1 3 7956 7961 7688 
1 2 6830 7956 
1 2 6830 7956 
1 4 6829 6835 7687 7688 
1 3 6829 6964 6963 
1 5 6829 6832 5616 5615 6452 
1 5 6963 6961 6833 7956 5146 
1 2 6963 5795 
1 3 6963 6964 6829 
1 2 5795 6963 
1 3 6810 6776 6777 
1 2 6810 6808 
1 6 6808 6807 6809 6776 6779 6778 
1 2 6808 6810 
1 3 6808 6807 7030 
1 5 6808 6806 6811 7741 7735 
1 3 7030 6807 6808 
1 3 7688 7961 7956 
1 4 7688 7687 6835 6829 
1 5 7735 7741 6811 6806 6808 
1 4 7735 7740 7736 6412 
1 5 5958 5961 7611 7612 7613 
1 6 5961 5954 5962 7616 7620 7612 
1 4 5961 5959 5960 6138 
1 4 5961 5959 5953 5970 
1 7 7613 7620 6808 6810 6776 6777 5613 
1 5 7613 7612 7611 5961 5958 
1 6 7612 7620 7616 5962 5954 5961 
1 4 5128 5125 7158 7159 
1 2 5128 5129 
1 2 5129 5128 
1 4 5129 5128 5125 7157 
1 4 7159 7158 5125 5128 
1 4 7157 5125 5128 5129 
1 5 7157 5958 5959 5960 6138 
1 4 5970 5960 5959 5961 
1 3 5967 6139 7647 
1 2 5967 6136 
1 5 6136 5967 6139 7647 5566 
1 2 6136 5967 
1 4 6136 5967 6139 7646 
1 4 6138 5960 5959 5961 
1 5 6138 5960 5959 5958 7157 
1 3 6138 5934 5933 
1 5 6138 6137 5936 5932 7965 
1 4 6138 5936 7647 5566 
1 5 7646 5566 7995 7991 7993 
1 4 7646 6139 5967 6136 
1 3 7647 6139 5967 
1 3 5933 5934 6138 
1 4 5566 7647 5936 6138 
1 3 5566 7994 7993 
1 5 5566 7647 6139 5967 6136 
1 5 7965 5932 5936 6137 6138 
1 3 7965 5348 5347 
1 3 7965 5349 7993 
1 4 7993 7992 6266 7570 
1 5 7993 7991 7995 5566 7646 
1 3 7993 5349 7965 
1 3 7993 7994 5566 
1 2 5347 6412 
1 3 5347 5348 7965 
1 2 6266 7570 
1 2 6267 5617 
1 2 6267 6412 
1 4 6412 7736 7740 7735 
1 2 6412 6267 
1 2 6412 5347 
1 2 5617 6267 
1 4 6455 6457 6454 6612 
1 5 6452 5615 5616 6832 6829 
1 5 6452 6456 6614 6611 6612 
1 2 6615 5532 
1 4 6612 6454 6457 6455 
1 5 6612 6611 6614 6456 6452 
1 2 6612 6786 
1 2 7570 6266 
1 4 7570 6266 7992 7993 
1 2 7570 5228 
1 3 5228 6611 6786 
1 3 5228 6787 6786 
1 2 5228 7570 
1 4 5228 6787 6785 6417 
1 3 6417 6785 6786 
1 4 6417 6785 6787 5228 
1 3 6417 5535 5536 
1 2 6417 7051 
1 2 7052 7051 
1 2 7051 6417 
1 2 7051 7052 
1 2 7051 6001 
1 2 6786 6612 
1 3 6786 6789 5532 
1 3 6786 6787 5228 
1 3 6786 6611 5228 
1 3 6786 5531 6417 
1 2 5532 6615 
1 3 5532 6789 6786 
1 3 5536 7237 7238 
1 3 5536 5535 6417 
1 3 7238 7237 5536 
1 4 8739 8740 8737 8736 
1 2 8739 8738 
1 2 8738 8739 
1 2 8738 8735 
1 4 8736 8737 8740 8739 
1 2 8735 8738 
1 2 8105 8104 
1 3 8105 8104 5433 
1 2 8104 8105 
1 2 8104 5433 
1 3 5433 8104 8105 
1 2 5433 8104 
1 3 5433 5434 5550 
1 3 5550 5434 5433 
1 3 5550 5551 5552 
1 3 5552 5551 5550 
1 4 5552 5553 7389 7386 
1 4 7386 7389 5553 5552 
1 5 7386 7389 7388 7341 5489 
1 6 6285 6287 6286 6406 5854 5338 
1 3 6286 6762 6406 
1 4 6760 6768 6286 6406 
1 7 6760 6767 5491 5548 5555 5493 5489 
1 5 5489 7341 7388 7389 7386 
1 7 5489 5493 5555 5548 5491 6767 6760 
1 4 5489 5494 7340 5084 
1 4 7338 7336 7898 7897 
1 3 5136 5133 5135 
1 4 5135 7284 7099 7104 
1 3 5135 5133 5136 
1 6 5135 7284 7099 7104 7098 7283 
1 3 5135 5132 5900 
1 2 5351 7533 
1 4 5351 5353 7098 7283 
1 4 7283 5353 5351 7533 
1 6 7283 7098 7104 7099 7284 5135 
1 4 7283 7098 5353 5351 
1 4 7533 5199 7884 7887 
1 2 7533 5351 
1 4 7533 5351 5353 7283 
1 4 7533 5351 5352 7777 
1 2 7551 6418 
1 3 7551 6418 7744 
1 6 6418 7551 7534 7883 7887 7885 
1 2 6418 7551 
1 4 6418 7744 6418 7744 
1 6 7574 7572 7573 7886 7648 7649 
1 4 7574 7572 5557 5558 
1 3 7574 7571 5467 
1 5 7574 7571 5560 5556 6663 
1 4 5558 5557 5559 7970 
1 4 5558 7973 7972 7897 
1 4 5558 5557 7572 7574 
1 3 5558 5556 6663 
1 4 7970 6180 6185 6184 
1 4 7970 5559 5557 5558 
1 2 7885 5200 
1 2 7885 7649 
1 2 7885 7887 
1 6 7885 7887 7883 7534 7551 6418 
1 2 7887 7885 
1 4 7887 7884 5199 7533 
1 3 7649 5998 5999 
1 2 7649 7885 
1 6 7649 7648 7886 7573 7572 7574 
1 4 6184 6181 6000 6001 
1 4 6184 6185 6180 7970 
1 3 5999 5998 7649 
1 2 6001 7051 
1 4 6001 6000 6181 6184 
1 3 5200 6668 6673 
1 2 5200 7885 
1 2 7101 8772 
1 3 7101 7099 7104 
1 3 7104 7099 7101 
1 4 7104 7099 7284 5135 
1 3 6673 6668 5910 
1 3 6673 6668 5200 
1 3 5910 6668 6673 
1 2 8774 8772 
1 2 8772 8774 
1 2 8772 7101 
1 2 6406 5854 
1 3 6406 6762 6286 
1 4 6406 6286 6768 6760 
1 2 5854 5338 
1 2 5854 6406 
1 2 5853 5338 
1 3 5853 5336 5843 
1 3 5853 5855 6919 
1 4 7897 5084 7336 7338 
1 2 7897 5084 
1 3 7897 5084 7421 
1 4 7897 7972 7973 5558 
1 4 5084 7340 5494 5489 
1 2 5084 7897 
1 3 5084 5085 7421 
1 4 5084 5085 7421 7059 
1 5 5084 7421 5084 7421 7162 
1 5 7315 7316 6086 6091 6087 
1 4 7315 7318 7317 5338 
1 4 5338 7317 7318 7315 
1 6 5338 5854 6406 6286 6287 6285 
1 2 5338 5854 
1 3 5338 5336 5843 
1 4 5338 5336 5337 6758 
1 2 5338 5853 
1 4 5338 5853 5855 6919 
1 4 5726 5727 5826 5827 
1 4 5726 5723 5302 5303 
1 3 5726 5725 6758 
1 3 6758 5725 5726 
1 5 6758 6757 5728 5721 6352 
1 4 6758 5337 5336 5338 
1 7 6758 6757 5105 6348 5728 6757 5105 
1 7 6352 5721 5726 5727 5826 5300 5303 
1 7 6352 6351 7758 7763 6349 7763 7761 
1 5 6352 5721 5728 6757 6758 
1 3 5843 5336 5338 
1 3 5843 5336 5853 
1 5 5843 5099 5842 5843 5105 
1 3 5843 6921 6919 
1 4 51 59 57 2569 
1 2 391 394 
1 3 391 4689 4683 
1 2 391 2774 
1 2 394 391 
1 3 523 524 8824 
1 5 528 526 4667 4673 4670 
1 2 544 2125 
1 2 577 4854 
1 3 577 576 4853 
1 4 723 4216 4217 4218 
1 5 723 722 3089 3087 3091 
1 3 744 3977 947 
1 3 744 747 2413 
1 3 789 3952 3954 
1 3 789 3953 4034 
1 2 906 3312 
1 4 906 3312 2970 3958 
1 2 906 4822 
1 4 906 3605 3443 3439 
1 3 922 921 3323 
1 6 938 5001 5002 1861 3945 3942 
1 4 937 4688 4684 4687 
1 2 937 4683 
1 4 947 945 2049 2446 
1 2 947 3976 
1 3 947 3977 744 
1 7 952 953 3442 3441 1033 3444 3438 
1 2 952 955 
1 2 952 8806 
1 4 955 958 1320 1319 
1 2 955 952 
1 6 955 954 1027 1029 1026 3045 
1 5 1023 1130 1127 4395 4698 
1 2 1023 2444 
1 3 1023 1130 1129 
1 3 1027 3784 2795 
1 4 1028 1030 3044 3046 
1 5 1038 1034 1037 3284 3282 
1 3 1038 1036 3438 
1 5 1041 1047 1043 4396 4397 
1 3 1041 1051 3959 
1 2 1063 1998 
1 3 1063 1062 4520 
1 6 1099 1097 1104 1105 4635 4631 
1 2 1099 1102 
1 3 1102 1176 1178 
1 2 1102 1099 
1 4 1102 1107 1100 3968 
1 2 1128 4395 
1 4 1129 1127 4699 4698 
1 3 1129 1130 1023 
1 6 1178 1182 3402 3407 3405 3401 
1 3 1178 1176 1102 
1 4 1319 3902 1123 1124 
1 4 1319 1320 2733 2736 
1 4 1319 1320 958 955 
1 3 1486 3086 3091 
1 5 1486 1487 1063 1062 4520 
1 2 1766 4520 
1 3 1766 1765 4659 
1 3 1809 4666 4670 
1 3 1809 2986 2985 
1 2 1862 3942 
1 4 1862 1859 5003 5002 
1 3 1936 2572 2571 
1 3 1936 1935 3312 
1 3 1937 1936 4206 
1 4 1937 1938 1935 2968 
1 4 1968 1971 1966 2444 
1 2 1998 3151 
1 2 1998 1063 
1 3 2000 2002 3813 
1 3 2000 2004 1471 
1 2 2029 2751 
1 3 2047 2050 3976 
1 2 2125 544 
1 6 2125 2761 2743 2757 2749 2751 
1 5 2294 4714 4713 4715 3675 
1 4 2294 2295 4930 4512 
1 3 2413 747 744 
1 4 2413 2412 4646 4638 
1 3 2413 2411 3048 
1 4 2444 1966 1971 1968 
1 2 2444 1023 
1 4 2446 2049 945 947 
1 2 2571 4800 
1 2 2571 2569 
1 3 2571 2572 1936 
1 2 2569 2571 
1 4 2569 57 59 51 
1 3 2569 2572 4206 
1 7 2621 2623 4033 4032 3951 3956 3968 
1 2 2622 4207 
1 4 2736 2733 1320 1319 
1 5 2751 2029 2028 4700 4207 
1 2 2751 2029 
1 6 2751 2749 2757 2743 2761 2125 
1 2 2774 391 
1 3 2774 3335 3880 
1 4 2844 2848 4458 4460 
1 4 2968 1935 1938 1937 
1 3 2968 3312 8813 
1 2 2968 3312 
1 3 2968 3312 4822 
1 3 2985 2986 1809 
1 2 2985 2883 
1 5 3025 3027 928 921 3323 
1 6 3045 1026 1029 1027 954 955 
1 3 3046 3394 3396 
1 4 3046 3044 1030 1028 
1 3 3046 3042 4543 
1 3 3048 2411 2413 
1 2 3048 4096 
1 5 3091 3087 3089 722 723 
1 3 3091 3086 1486 
1 4 3143 3145 4099 4097 
1 4 3143 3145 3142 4631 
1 3 3151 4993 4994 
1 2 3151 1998 
1 5 3282 3284 1037 1034 1038 
1 3 3312 1935 1936 
1 2 3312 2968 
1 2 3312 906 
1 3 3323 921 922 
1 5 3323 921 928 3027 3025 
1 5 3323 3324 2606 2608 2605 
1 5 3323 3319 2606 2604 2403 
1 6 3401 3405 3407 3402 1182 1178 
1 4 3439 3443 3605 906 
1 4 3439 3445 3437 3438 
1 3 3438 1036 1038 
1 4 3438 3957 3604 3605 
1 4 3438 3437 3445 3439 
1 7 3438 3444 1033 3441 3442 953 952 
1 4 3605 3604 3957 3438 
1 3 3605 906 4822 
1 2 3675 4715 
1 5 3675 4715 4713 4714 2294 
1 2 3813 4659 
1 3 3813 2002 2000 
1 2 3942 1862 
1 6 3942 3945 1861 5002 5001 938 
1 3 3951 3956 3968 
1 4 3951 4032 4033 4715 
1 3 3954 3952 789 
1 4 3958 2970 3312 906 
1 3 3959 1051 1041 
1 3 3959 1051 4358 
1 2 3969 3968 
1 4 3968 1100 1107 1102 
1 3 3968 4041 4044 
1 2 3968 3969 
1 3 3968 3956 3951 
1 7 3968 3956 3951 4032 4033 2623 2621 
1 3 3976 2050 2047 
1 2 3976 947 
1 5 4032 3951 3956 4046 4044 
1 3 4034 3953 789 
1 4 4034 4031 4030 4715 
1 3 4044 4041 3968 
1 5 4044 4041 3956 3951 4032 
1 2 4098 4291 
1 2 4098 4097 
1 3 4098 4097 4631 
1 3 4097 4098 4291 
1 2 4097 4098 
1 4 4097 4099 3145 3143 
1 3 4206 1936 1937 
1 3 4206 2572 2569 
1 2 4207 2622 
1 5 4207 4700 2028 2029 2751 
1 4 4218 4217 4216 723 
1 2 4395 8824 
1 2 4395 1128 
1 2 4395 4698 
1 4 4397 4451 4449 4447 
1 5 4397 4396 1043 1047 1041 
1 4 4447 4449 4451 4397 
1 4 4460 4458 2848 2844 
1 4 4460 4456 3548 3549 
1 4 4512 4930 2295 2294 
1 3 4512 4930 4928 
1 2 4512 4825 
1 3 4520 1062 1063 
1 5 4520 1062 1063 1487 1486 
1 2 4520 1766 
1 3 4543 3042 3046 
1 4 4543 3042 3041 8801 
1 3 4631 4097 4098 
1 4 4631 3142 3145 3143 
1 6 4631 4635 1105 1104 1097 1099 
1 3 4659 1765 1766 
1 2 4659 3813 
1 5 4670 4673 4667 526 528 
1 4 4670 4673 4827 4825 
1 3 4670 4666 1809 
1 2 4683 937 
1 3 4683 4689 391 
1 4 4687 4684 4688 937 
1 2 4698 4395 
1 4 4698 4699 1127 1129 
1 5 4698 4395 1127 1130 1023 
1 4 4715 4033 4032 3951 
1 4 4715 4030 4031 4034 
1 2 4715 3675 
1 2 4802 8794 
1 2 4802 4800 
1 2 4800 4802 
1 2 4800 2571 
1 3 4822 3312 2968 
1 2 4822 906 
1 3 4822 906 3605 
1 2 4825 4512 
1 4 4825 4827 4673 4670 
1 2 4854 8822 
1 2 4854 577 
1 3 4853 576 577 
1 3 4928 4930 4512 
1 3 4994 4993 3151 
1 4 5002 5003 1859 1862 
1 3 5002 3430 3431 
1 5 5002 3430 3431 3428 4139 
1 5 5002 3430 5004 4138 4140 
1 2 8794 4802 
1 4 8801 3041 3042 4543 
1 2 8806 952 
1 3 8813 3312 2968 
1 2 8822 4854 
1 3 8824 524 523 
1 2 8824 4395 
1 3 2130 1040 4358 
1 3 2130 2128 3108 
1 3 4358 1051 3959 
1 3 4358 1040 2130 
1 3 1471 2004 2000 
1 3 1471 1470 2787 
1 4 446 444 3107 3108 
1 3 446 443 3549 
1 3 3108 2128 2130 
1 4 3108 3107 444 446 
1 3 2787 1470 1471 
1 3 2787 1469 973 
1 3 3549 443 446 
1 4 3549 3548 4456 4460 
1 3 3549 4915 2890 
1 3 2890 4915 3549 
1 2 2890 3431 
1 2 3431 2890 
1 3 3431 3430 5002 
1 4 4916 975 967 973 
1 5 4916 975 966 99 96 
1 5 4140 4138 5004 3430 5002 
1 6 4140 4136 3680 3390 522 520 
1 5 4139 3428 3431 3430 5002 
1 4 4139 4141 4137 3679 
1 4 4139 4142 4136 3680 
1 5 4139 4142 4136 3680 3390 
1 5 3390 3680 3682 4141 4139 
1 4 3389 3388 3568 3754 
1 3 3754 3568 3569 
1 4 3754 3568 3388 3389 
1 2 3754 521 
1 6 520 522 3390 3680 4136 4140 
1 2 521 3754 
1 3 521 519 4363 
1 4 521 519 4363 2783 
1 3 8713 8715 8714 
1 2 8713 8720 
1 2 8720 8713 
1 4 8716 8719 8717 3880 
1 2 8716 8714 
1 3 8716 8719 8796 
1 2 8714 8716 
1 3 8714 8715 8713 
1 2 8797 8796 
1 3 8796 8719 8716 
1 2 8796 8797 
1 4 2783 4363 519 521 
1 3 2784 2783 4363 
1 3 2784 1781 1782 
1 4 1782 497 4453 4797 
1 3 1782 1781 2784 
1 2 1782 3367 
1 2 1782 497 
1 4 3367 498 4453 4797 
1 2 3367 1782 
1 3 4363 519 521 
1 3 4363 2783 2784 
1 4 4797 699 701 700 
1 2 4797 4453 
1 4 4797 4453 498 3367 
1 4 4797 4453 497 1782 
1 4 3680 3682 4141 4139 
1 4 3679 92 98 96 
1 4 3679 4137 4141 4139 
1 3 3679 3681 3541 
1 5 96 99 966 975 4916 
1 3 96 93 2509 
1 4 96 98 92 3679 
1 3 973 1469 2787 
1 4 973 967 975 4916 
1 3 2509 93 96 
1 4 3541 3543 2878 2883 
1 3 3541 3681 3679 
1 3 3541 3546 3722 
1 3 3569 3568 3754 
1 3 3722 3546 3541 
1 3 3722 698 700 
1 3 700 698 3722 
1 4 700 701 699 4797 
1 2 4453 4797 
1 2 4453 497 
1 2 497 4453 
1 3 497 498 1783 
1 2 497 1782 
1 5 1785 2433 2435 4287 4290 
1 5 1783 1787 1786 2437 2434 
1 3 1783 498 497 
1 5 2433 2435 2436 4856 4858 
1 4 2434 2440 2436 4290 
1 5 2434 2437 1786 1787 1783 
1 4 4287 2400 1386 1389 
1 6 4287 2400 1386 1390 1388 3395 
1 4 4290 4288 4856 4858 
1 4 4290 2436 2440 2434 
1 5 4290 4287 2435 2433 1785 
1 5 2403 2604 2606 3324 3323 
1 4 2398 2401 2607 2605 
1 3 2398 2402 1389 
1 5 1386 2396 2402 214 213 
1 3 1389 2402 2398 
1 4 1389 1386 2400 4287 
1 4 1389 1387 1057 3396 
1 6 3395 1385 1390 1386 2400 4287 
1 4 3396 1057 1387 1389 
1 3 3396 3394 3046 
1 2 1770 963 
1 4 1770 1769 1054 1056 
1 2 3784 2795 
1 4 3784 2795 1055 1056 
1 2 2795 3784 
1 3 2795 3784 1027 
1 4 1056 1055 1125 1124 
1 4 1056 1054 1769 1770 
1 4 1056 1055 2795 3784 
1 2 1124 3903 
1 3 1124 3903 4096 
1 4 1124 1123 3902 1319 
1 4 1124 1125 1055 1056 
1 2 3903 1124 
1 2 4096 3048 
1 3 4096 3903 1124 
1 4 4638 4646 2412 2413 
1 3 963 1771 213 
1 2 963 1770 
1 3 213 1771 963 
1 5 213 214 2402 2396 1386 
1 5 2605 2608 2606 3324 3323 
1 4 2605 2607 2401 2398 
1 2 2883 2985 
1 4 2883 2878 3543 3541 
1 4 4858 4856 4288 4290 
1 5 4858 4856 2436 2435 2433 
