1 3
1 16
1 22
1 23
1 25
1 35
1 46
1 51
1 62
1 63
1 67
1 71
1 76
1 80
1 96
1 101
1 114
1 126
1 133
1 134
1 145
1 152
1 183
1 189
1 194
1 198
1 199
1 201
1 202
1 206
1 213
1 217
1 228
1 238
1 249
1 251
1 253
1 257
1 259
1 266
1 269
1 270
1 272
1 276
1 279
1 295
1 297
1 306
1 309
1 322
1 338
1 347
1 369
1 373
1 377
1 385
1 387
1 391
1 394
1 395
1 396
1 431
1 435
1 436
1 439
1 446
1 448
1 454
1 457
1 494
1 496
1 497
1 500
1 501
1 507
1 512
1 520
1 521
1 523
1 528
1 532
1 533
1 534
1 544
1 557
1 565
1 575
1 577
1 582
1 584
1 588
1 600
1 603
1 607
1 612
1 614
1 621
1 629
1 630
1 636
1 639
1 644
1 647
1 664
1 672
1 692
1 700
1 705
1 709
1 714
1 720
1 723
1 733
1 734
1 738
1 744
1 751
1 757
1 770
1 771
1 777
1 781
1 785
1 789
1 790
1 806
1 813
1 816
1 819
1 832
1 835
1 837
1 847
1 850
1 862
1 871
1 889
1 895
1 898
1 899
1 903
1 906
1 907
1 908
1 913
1 922
1 933
1 934
1 937
1 938
1 947
1 950
1 952
1 955
1 962
1 963
1 973
1 977
1 979
1 980
1 987
1 989
1 991
1 1007
1 1010
1 1016
1 1020
1 1023
1 1027
1 1028
1 1038
1 1041
1 1056
1 1058
1 1063
1 1071
1 1072
1 1076
1 1082
1 1086
1 1093
1 1095
1 1099
1 1102
1 1114
1 1116
1 1117
1 1120
1 1122
1 1124
1 1128
1 1129
1 1133
1 1134
1 1142
1 1143
1 1147
1 1156
1 1168
1 1170
1 1172
1 1174
1 1178
1 1190
1 1196
1 1223
1 1225
1 1227
1 1238
1 1247
1 1250
1 1262
1 1264
1 1266
1 1267
1 1291
1 1297
1 1299
1 1306
1 1309
1 1312
1 1317
1 1319
1 1323
1 1332
1 1340
1 1342
1 1344
1 1348
1 1352
1 1357
1 1359
1 1367
1 1376
1 1386
1 1389
1 1391
1 1424
1 1427
1 1429
1 1434
1 1437
1 1442
1 1446
1 1447
1 1452
1 1454
1 1462
1 1468
1 1471
1 1479
1 1482
1 1486
1 1507
1 1516
1 1543
1 1549
1 1555
1 1557
1 1559
1 1564
1 1569
1 1571
1 1576
1 1579
1 1585
1 1586
1 1589
1 1594
1 1610
1 1618
1 1621
1 1627
1 1645
1 1737
1 1766
1 1767
1 1768
1 1770
1 1777
1 1778
1 1779
1 1780
1 1782
1 1783
1 1785
1 1790
1 1796
1 1801
1 1804
1 1809
1 1810
1 1828
1 1829
1 1831
1 1835
1 1836
1 1840
1 1842
1 1845
1 1846
1 1847
1 1856
1 1862
1 1864
1 1872
1 1881
1 1887
1 1889
1 1905
1 1912
1 1923
1 1926
1 1932
1 1936
1 1937
1 1943
1 1948
1 1951
1 1957
1 1961
1 1968
1 1974
1 1978
1 1983
1 1985
1 1990
1 1998
1 2000
1 2008
1 2012
1 2016
1 2018
1 2026
1 2029
1 2031
1 2036
1 2047
1 2054
1 2055
1 2058
1 2065
1 2073
1 2077
1 2084
1 2108
1 2109
1 2111
1 2117
1 2119
1 2121
1 2125
1 2130
1 2132
1 2134
1 2141
1 2142
1 2143
1 2146
1 2167
1 2170
1 2171
1 2176
1 2177
1 2186
1 2194
1 2195
1 2198
1 2200
1 2202
1 2203
1 2238
1 2274
1 2281
1 2284
1 2287
1 2289
1 2291
1 2292
1 2294
1 2300
1 2306
1 2311
1 2315
1 2322
1 2332
1 2336
1 2340
1 2343
1 2347
1 2349
1 2350
1 2354
1 2379
1 2384
1 2388
1 2391
1 2398
1 2403
1 2406
1 2410
1 2413
1 2414
1 2433
1 2434
1 2444
1 2446
1 2451
1 2453
1 2460
1 2464
1 2470
1 2475
1 2480
1 2485
1 2488
1 2494
1 2503
1 2506
1 2507
1 2509
1 2516
1 2521
1 2526
1 2532
1 2536
1 2539
1 2548
1 2554
1 2557
1 2559
1 2569
1 2571
1 2580
1 2584
1 2596
1 2605
1 2609
1 2611
1 2615
1 2621
1 2622
1 2624
1 2626
1 2636
1 2655
1 2661
1 2663
1 2676
1 2694
1 2697
1 2702
1 2727
1 2730
1 2732
1 2736
1 2739
1 2741
1 2751
1 2770
1 2774
1 2775
1 2777
1 2783
1 2784
1 2787
1 2789
1 2791
1 2793
1 2795
1 2799
1 2808
1 2814
1 2820
1 2827
1 2835
1 2836
1 2843
1 2844
1 2856
1 2860
1 2873
1 2874
1 2883
1 2888
1 2890
1 2900
1 2911
1 2914
1 2915
1 2920
1 2929
1 2930
1 2938
1 2942
1 2945
1 2950
1 2955
1 2956
1 2957
1 2968
1 2973
1 2975
1 2985
1 2988
1 2992
1 3006
1 3018
1 3022
1 3025
1 3034
1 3036
1 3045
1 3046
1 3048
1 3052
1 3070
1 3075
1 3085
1 3091
1 3092
1 3095
1 3096
1 3099
1 3101
1 3108
1 3117
1 3127
1 3128
1 3131
1 3136
1 3143
1 3146
1 3147
1 3148
1 3150
1 3151
1 3152
1 3153
1 3157
1 3166
1 3171
1 3178
1 3181
1 3184
1 3186
1 3188
1 3190
1 3195
1 3216
1 3220
1 3222
1 3230
1 3236
1 3240
1 3242
1 3245
1 3248
1 3254
1 3260
1 3262
1 3271
1 3276
1 3278
1 3282
1 3288
1 3300
1 3302
1 3309
1 3310
1 3312
1 3314
1 3316
1 3323
1 3326
1 3329
1 3336
1 3339
1 3342
1 3348
1 3352
1 3354
1 3367
1 3368
1 3369
1 3377
1 3379
1 3381
1 3386
1 3389
1 3390
1 3395
1 3396
1 3397
1 3398
1 3401
1 3409
1 3411
1 3416
1 3423
1 3426
1 3431
1 3433
1 3438
1 3439
1 3446
1 3449
1 3503
1 3514
1 3520
1 3523
1 3531
1 3538
1 3541
1 3549
1 3556
1 3565
1 3569
1 3575
1 3577
1 3578
1 3579
1 3580
1 3595
1 3596
1 3605
1 3607
1 3612
1 3614
1 3623
1 3629
1 3631
1 3632
1 3637
1 3642
1 3645
1 3666
1 3675
1 3679
1 3680
1 3688
1 3691
1 3699
1 3701
1 3702
1 3707
1 3722
1 3733
1 3742
1 3746
1 3754
1 3755
1 3756
1 3760
1 3761
1 3762
1 3784
1 3788
1 3794
1 3796
1 3797
1 3804
1 3811
1 3813
1 3820
1 3823
1 3825
1 3831
1 3833
1 3841
1 3842
1 3844
1 3861
1 3867
1 3880
1 3882
1 3886
1 3889
1 3903
1 3906
1 3909
1 3923
1 3938
1 3941
1 3942
1 3948
1 3951
1 3954
1 3958
1 3959
1 3964
1 3966
1 3968
1 3969
1 3972
1 3976
1 3982
1 3998
1 4003
1 4018
1 4024
1 4025
1 4027
1 4028
1 4032
1 4034
1 4044
1 4053
1 4062
1 4064
1 4068
1 4071
1 4072
1 4075
1 4083
1 4090
1 4092
1 4095
1 4096
1 4097
1 4098
1 4102
1 4126
1 4128
1 4133
1 4139
1 4140
1 4146
1 4155
1 4158
1 4160
1 4161
1 4162
1 4163
1 4164
1 4167
1 4185
1 4203
1 4205
1 4206
1 4207
1 4213
1 4214
1 4218
1 4220
1 4223
1 4224
1 4226
1 4227
1 4233
1 4235
1 4236
1 4241
1 4245
1 4250
1 4263
1 4267
1 4274
1 4287
1 4290
1 4291
1 4292
1 4295
1 4301
1 4304
1 4306
1 4324
1 4328
1 4329
1 4330
1 4334
1 4337
1 4342
1 4347
1 4350
1 4354
1 4358
1 4359
1 4363
1 4364
1 4365
1 4367
1 4368
1 4380
1 4388
1 4389
1 4394
1 4395
1 4397
1 4405
1 4406
1 4419
1 4432
1 4441
1 4442
1 4443
1 4444
1 4447
1 4453
1 4460
1 4461
1 4465
1 4476
1 4478
1 4480
1 4482
1 4484
1 4493
1 4509
1 4512
1 4514
1 4517
1 4520
1 4522
1 4542
1 4543
1 4545
1 4547
1 4548
1 4550
1 4554
1 4558
1 4575
1 4577
1 4582
1 4583
1 4586
1 4587
1 4594
1 4597
1 4599
1 4608
1 4609
1 4611
1 4615
1 4618
1 4631
1 4638
1 4651
1 4654
1 4659
1 4664
1 4665
1 4670
1 4682
1 4683
1 4687
1 4690
1 4691
1 4692
1 4694
1 4696
1 4698
1 4707
1 4710
1 4715
1 4716
1 4720
1 4724
1 4727
1 4728
1 4743
1 4756
1 4759
1 4767
1 4768
1 4777
1 4779
1 4781
1 4797
1 4800
1 4802
1 4806
1 4807
1 4810
1 4822
1 4825
1 4830
1 4839
1 4841
1 4844
1 4849
1 4853
1 4854
1 4858
1 4864
1 4869
1 4876
1 4883
1 4890
1 4900
1 4901
1 4904
1 4906
1 4907
1 4916
1 4917
1 4921
1 4928
1 4933
1 4942
1 4946
1 4950
1 4954
1 4956
1 4970
1 4994
1 4998
1 5000
1 5002
1 5019
1 5025
1 5031
1 5054
1 5060
1 5068
1 5071
1 5075
1 5079
1 5082
1 5083
1 5084
1 5086
1 5087
1 5095
1 5105
1 5123
1 5128
1 5129
1 5130
1 5131
1 5135
1 5136
1 5139
1 5140
1 5145
1 5146
1 5148
1 5149
1 5155
1 5164
1 5168
1 5170
1 5171
1 5172
1 5177
1 5179
1 5180
1 5181
1 5183
1 5188
1 5196
1 5200
1 5202
1 5204
1 5206
1 5213
1 5221
1 5223
1 5226
1 5228
1 5232
1 5238
1 5239
1 5242
1 5249
1 5255
1 5259
1 5265
1 5266
1 5269
1 5270
1 5275
1 5277
1 5280
1 5291
1 5298
1 5303
1 5305
1 5311
1 5315
1 5323
1 5330
1 5335
1 5338
1 5340
1 5345
1 5347
1 5351
1 5357
1 5359
1 5360
1 5361
1 5364
1 5369
1 5379
1 5384
1 5391
1 5392
1 5399
1 5418
1 5427
1 5431
1 5433
1 5443
1 5447
1 5452
1 5453
1 5456
1 5462
1 5463
1 5467
1 5471
1 5479
1 5485
1 5486
1 5487
1 5489
1 5501
1 5507
1 5512
1 5515
1 5518
1 5528
1 5529
1 5532
1 5536
1 5540
1 5547
1 5550
1 5552
1 5558
1 5561
1 5562
1 5564
1 5565
1 5566
1 5567
1 5569
1 5578
1 5590
1 5593
1 5598
1 5603
1 5606
1 5608
1 5612
1 5613
1 5614
1 5617
1 5622
1 5624
1 5632
1 5637
1 5639
1 5646
1 5650
1 5654
1 5656
1 5663
1 5666
1 5670
1 5675
1 5677
1 5679
1 5681
1 5683
1 5686
1 5688
1 5694
1 5701
1 5704
1 5714
1 5717
1 5719
1 5726
1 5732
1 5738
1 5742
1 5747
1 5748
1 5750
1 5753
1 5759
1 5769
1 5774
1 5778
1 5783
1 5792
1 5795
1 5804
1 5812
1 5822
1 5825
1 5827
1 5833
1 5835
1 5843
1 5845
1 5847
1 5850
1 5853
1 5854
1 5860
1 5864
1 5867
1 5875
1 5882
1 5889
1 5895
1 5900
1 5903
1 5907
1 5910
1 5912
1 5915
1 5917
1 5931
1 5933
1 5938
1 5944
1 5950
1 5958
1 5961
1 5964
1 5967
1 5970
1 5973
1 5976
1 5981
1 5983
1 5986
1 5991
1 5992
1 5994
1 5996
1 5999
1 6001
1 6010
1 6013
1 6016
1 6020
1 6023
1 6026
1 6036
1 6043
1 6054
1 6062
1 6064
1 6067
1 6072
1 6077
1 6080
1 6083
1 6084
1 6087
1 6093
1 6094
1 6103
1 6106
1 6110
1 6122
1 6123
1 6127
1 6130
1 6136
1 6138
1 6140
1 6141
1 6142
1 6144
1 6147
1 6151
1 6152
1 6155
1 6159
1 6163
1 6168
1 6173
1 6175
1 6184
1 6189
1 6190
1 6199
1 6209
1 6211
1 6224
1 6238
1 6241
1 6243
1 6246
1 6250
1 6255
1 6260
1 6262
1 6266
1 6267
1 6274
1 6276
1 6277
1 6281
1 6282
1 6285
1 6286
1 6290
1 6293
1 6298
1 6303
1 6309
1 6315
1 6323
1 6325
1 6326
1 6329
1 6336
1 6352
1 6358
1 6362
1 6367
1 6375
1 6380
1 6384
1 6387
1 6388
1 6389
1 6393
1 6397
1 6402
1 6406
1 6408
1 6409
1 6412
1 6416
1 6417
1 6418
1 6421
1 6435
1 6440
1 6443
1 6446
1 6448
1 6449
1 6452
1 6455
1 6459
1 6465
1 6467
1 6475
1 6482
1 6486
1 6489
1 6493
1 6496
1 6497
1 6498
1 6502
1 6508
1 6516
1 6518
1 6523
1 6527
1 6532
1 6533
1 6536
1 6542
1 6549
1 6550
1 6553
1 6554
1 6556
1 6565
1 6568
1 6579
1 6602
1 6605
1 6609
1 6612
1 6615
1 6620
1 6623
1 6626
1 6628
1 6634
1 6635
1 6638
1 6639
1 6642
1 6644
1 6648
1 6652
1 6653
1 6655
1 6657
1 6659
1 6663
1 6666
1 6673
1 6675
1 6688
1 6698
1 6704
1 6705
1 6707
1 6714
1 6719
1 6720
1 6721
1 6723
1 6725
1 6727
1 6735
1 6740
1 6744
1 6750
1 6754
1 6758
1 6760
1 6770
1 6771
1 6775
1 6777
1 6778
1 6780
1 6782
1 6786
1 6790
1 6800
1 6805
1 6808
1 6810
1 6813
1 6816
1 6819
1 6823
1 6825
1 6829
1 6830
1 6839
1 6846
1 6847
1 6848
1 6851
1 6856
1 6864
1 6869
1 6871
1 6876
1 6879
1 6881
1 6887
1 6894
1 6895
1 6904
1 6907
1 6913
1 6916
1 6919
1 6922
1 6929
1 6930
1 6931
1 6936
1 6938
1 6939
1 6942
1 6943
1 6949
1 6952
1 6959
1 6963
1 6966
1 6971
1 6974
1 6980
1 6988
1 6989
1 7003
1 7007
1 7010
1 7013
1 7017
1 7022
1 7024
1 7027
1 7028
1 7030
1 7031
1 7034
1 7039
1 7040
1 7042
1 7048
1 7051
1 7052
1 7055
1 7058
1 7059
1 7064
1 7077
1 7081
1 7085
1 7090
1 7094
1 7096
1 7101
1 7104
1 7107
1 7115
1 7116
1 7119
1 7126
1 7129
1 7130
1 7137
1 7142
1 7146
1 7148
1 7151
1 7152
1 7157
1 7159
1 7162
1 7168
1 7181
1 7187
1 7193
1 7198
1 7204
1 7209
1 7211
1 7214
1 7218
1 7220
1 7226
1 7238
1 7239
1 7242
1 7243
1 7249
1 7250
1 7254
1 7256
1 7262
1 7266
1 7269
1 7273
1 7283
1 7286
1 7300
1 7303
1 7306
1 7310
1 7313
1 7315
1 7323
1 7325
1 7326
1 7333
1 7335
1 7338
1 7343
1 7347
1 7351
1 7354
1 7358
1 7361
1 7362
1 7363
1 7373
1 7378
1 7381
1 7383
1 7386
1 7392
1 7394
1 7397
1 7404
1 7414
1 7419
1 7420
1 7421
1 7423
1 7424
1 7429
1 7439
1 7440
1 7444
1 7449
1 7453
1 7455
1 7456
1 7459
1 7466
1 7468
1 7469
1 7474
1 7481
1 7491
1 7495
1 7498
1 7505
1 7506
1 7507
1 7512
1 7517
1 7525
1 7533
1 7537
1 7538
1 7542
1 7550
1 7551
1 7552
1 7553
1 7557
1 7565
1 7570
1 7574
1 7576
1 7586
1 7588
1 7591
1 7596
1 7597
1 7598
1 7601
1 7603
1 7605
1 7608
1 7610
1 7612
1 7613
1 7626
1 7631
1 7636
1 7640
1 7645
1 7646
1 7647
1 7649
1 7650
1 7651
1 7656
1 7657
1 7658
1 7661
1 7665
1 7669
1 7671
1 7678
1 7680
1 7688
1 7694
1 7696
1 7698
1 7709
1 7712
1 7717
1 7724
1 7730
1 7735
1 7742
1 7744
1 7748
1 7755
1 7761
1 7765
1 7768
1 7772
1 7775
1 7777
1 7783
1 7786
1 7790
1 7791
1 7797
1 7799
1 7801
1 7804
1 7806
1 7818
1 7830
1 7835
1 7839
1 7841
1 7843
1 7848
1 7850
1 7854
1 7859
1 7861
1 7873
1 7882
1 7885
1 7887
1 7891
1 7894
1 7897
1 7900
1 7907
1 7911
1 7924
1 7925
1 7928
1 7941
1 7944
1 7951
1 7954
1 7956
1 7962
1 7965
1 7967
1 7970
1 7975
1 7984
1 7987
1 7993
1 7997
1 7999
1 8005
1 8007
1 8008
1 8012
1 8017
1 8024
1 8025
1 8027
1 8030
1 8034
1 8038
1 8040
1 8043
1 8047
1 8052
1 8055
1 8058
1 8061
1 8062
1 8071
1 8078
1 8079
1 8085
1 8088
1 8094
1 8095
1 8096
1 8099
1 8100
1 8104
1 8105
1 8109
1 8114
1 8115
1 8122
1 8127
1 8129
1 8131
1 8140
1 8141
1 8143
1 8144
1 8148
1 8150
1 8152
1 8153
1 8157
1 8158
1 8165
1 8168
1 8171
1 8175
1 8176
1 8178
1 8184
1 8185
1 8191
1 8197
1 8209
1 8211
1 8212
1 8226
1 8229
1 8230
1 8234
1 8235
1 8238
1 8242
1 8250
1 8252
1 8253
1 8256
1 8263
1 8267
1 8279
1 8281
1 8288
1 8291
1 8292
1 8296
1 8297
1 8302
1 8304
1 8306
1 8311
1 8315
1 8323
1 8326
1 8327
1 8328
1 8334
1 8336
1 8339
1 8343
1 8346
1 8350
1 8353
1 8358
1 8359
1 8361
1 8362
1 8365
1 8368
1 8373
1 8374
1 8379
1 8383
1 8388
1 8391
1 8392
1 8402
1 8403
1 8404
1 8405
1 8415
1 8418
1 8421
1 8423
1 8427
1 8432
1 8439
1 8446
1 8450
1 8452
1 8455
1 8467
1 8472
1 8482
1 8487
1 8488
1 8491
1 8496
1 8499
1 8502
1 8508
1 8509
1 8510
1 8511
1 8513
1 8516
1 8518
1 8520
1 8523
1 8524
1 8525
1 8527
1 8528
1 8531
1 8536
1 8538
1 8543
1 8544
1 8546
1 8547
1 8548
1 8549
1 8554
1 8555
1 8561
1 8564
1 8565
1 8566
1 8572
1 8574
1 8575
1 8576
1 8580
1 8581
1 8583
1 8584
1 8586
1 8590
1 8596
1 8597
1 8599
1 8602
1 8604
1 8605
1 8609
1 8613
1 8614
1 8616
1 8618
1 8621
1 8622
1 8628
1 8630
1 8633
1 8634
1 8636
1 8637
1 8639
1 8644
1 8648
1 8653
1 8657
1 8660
1 8662
1 8663
1 8666
1 8669
1 8670
1 8672
1 8674
1 8678
1 8682
1 8691
1 8694
1 8702
1 8704
1 8705
1 8706
1 8711
1 8712
1 8713
1 8714
1 8716
1 8720
1 8722
1 8728
1 8730
1 8731
1 8732
1 8733
1 8735
1 8736
1 8738
1 8739
1 8741
1 8742
1 8743
1 8746
1 8748
1 8751
1 8753
1 8754
1 8755
1 8756
1 8758
1 8762
1 8763
1 8767
1 8768
1 8769
1 8771
1 8772
1 8774
1 8775
1 8777
1 8778
1 8780
1 8781
1 8782
1 8783
1 8786
1 8787
1 8790
1 8791
1 8792
1 8793
1 8794
1 8796
1 8797
1 8798
1 8801
1 8802
1 8803
1 8806
1 8807
1 8808
1 8809
1 8810
1 8811
1 8812
1 8813
1 8814
1 8816
1 8817
1 8818
1 8819
1 8820
1 8821
1 8822
1 8824
1 8825
1 8826
